table_id,num_classes,feature_column,global_node_id,layer,node_in_layer,feature_type,cardinality,observation_type,gt_importance,single_feature_balanced_accuracy,permutation_importance,drop_column_importance
0,2,0,17,2,0,continuous,0,continuous_scalar,0.13493644937788218,0.4930555555555556,0.09027777777777779,0.0625
0,2,1,19,2,2,categorical,3,prototype_discretization,0.003679693729268695,0.5,0.00277777777777779,0.0
0,2,2,12,1,4,categorical,3,threshold_binning,0.12245725105995872,0.6527777777777778,0.001388888888888906,0.006944444444444531
0,2,3,1,0,1,continuous,0,continuous_scalar,0.18583193933303618,0.625,0.023611111111111138,0.03472222222222221
0,2,4,2,0,2,continuous,0,continuous_scalar,0.1281234946851594,0.5208333333333334,0.011111111111111117,0.03472222222222221
0,2,5,22,2,5,categorical,6,prototype_discretization,0.15307100266164592,0.6805555555555556,0.01527777777777779,0.05555555555555558
0,2,6,18,2,1,continuous,0,continuous_scalar,0.18509199846461713,0.5763888888888888,0.17638888888888893,0.16666666666666663
0,2,7,21,2,4,continuous,0,continuous_scalar,0.08680817068843176,0.3819444444444444,0.03888888888888893,0.03472222222222221
1,4,0,2,0,2,continuous,0,continuous_scalar,0.002278528866911437,0.28013689526847424,0.0,0.0
1,4,1,32,3,5,continuous,0,continuous_scalar,0.028097974203068664,0.7153774587985114,0.017424242424242453,-0.011363636363636354
1,4,2,5,0,5,continuous,0,continuous_scalar,0.1581105079436417,0.5277777777777778,0.003282828282828265,0.0
1,4,3,27,3,0,continuous,0,continuous_scalar,0.0853140664995123,0.36273923444976075,0.04909622541201497,0.03472222222222221
1,4,4,19,2,1,continuous,0,continuous_scalar,0.008860972789515757,0.25299043062200954,-0.0026515151515151382,0.0
1,4,5,1,0,1,continuous,0,continuous_scalar,0.008286865873703635,0.2187666135034556,0.0018939393939394033,0.0
1,4,6,35,3,8,continuous,0,continuous_scalar,0.1542642287641508,0.8422713981924508,0.08863636363636367,-0.008838383838383868
1,4,7,9,1,1,categorical,2,prototype_discretization,0.03460573550584031,0.30492424242424243,0.006818181818181812,0.0
1,4,8,4,0,4,continuous,0,continuous_scalar,0.0948402235606108,0.3519072301967039,0.0037878787878787624,0.0
1,4,9,13,1,5,continuous,0,continuous_scalar,0.17125280690986483,0.7431552365762891,0.02058080808080809,-0.018308080808080773
1,4,10,24,2,6,continuous,0,continuous_scalar,0.15612177781158387,0.7703017012227539,0.09267676767676772,0.0
1,4,11,20,2,2,continuous,0,continuous_scalar,0.05687871882462283,0.2930622009569378,0.059090909090909104,0.02083333333333337
1,4,12,29,3,2,continuous,0,continuous_scalar,0.041087592446973076,0.23790536948431684,0.012500000000000022,-0.011363636363636354
2,3,0,28,3,3,continuous,0,continuous_scalar,0.06131671097532267,0.4533475783475784,0.06688034188034184,0.012820512820512775
2,3,1,25,3,0,continuous,0,continuous_scalar,0.07251112271486468,0.2795584045584046,0.004415954415954393,0.031339031339031376
2,3,2,3,0,3,continuous,0,continuous_scalar,0.0892985706770734,0.443019943019943,-0.010897435897435904,-0.01388888888888884
2,3,3,8,1,0,continuous,0,continuous_scalar,0.09456509039520512,0.28062678062678065,0.025498575498575482,-0.007834757834757844
2,3,4,0,0,0,continuous,0,continuous_scalar,0.07158841570830739,0.34437321937321935,-0.041239316239316315,-0.059116809116809055
2,3,5,26,3,1,continuous,0,continuous_scalar,0.09566564251550572,0.6363960113960114,0.24415954415954416,-0.059116809116809055
2,3,6,13,1,5,continuous,0,continuous_scalar,0.09174529060364123,0.5381054131054132,0.011680911680911654,0.0
2,3,7,16,2,1,continuous,0,continuous_scalar,0.07652161908349728,0.4836182336182336,-0.01509971509971506,-0.026709401709401837
2,3,8,9,1,1,categorical,3,threshold_binning,0.036852701075475905,0.3162393162393163,-0.00512820512820511,-0.026709401709401837
2,3,9,15,2,0,categorical,4,prototype_discretization,0.03391650668953778,0.29914529914529914,0.0,-0.01388888888888884
2,3,10,32,3,7,continuous,0,continuous_scalar,0.04117345991866489,0.3543447293447293,-0.0183760683760684,-0.026709401709401837
2,3,11,14,1,6,continuous,0,continuous_scalar,0.09427692912131828,0.3397435897435897,0.030911680911680905,0.004629629629629761
2,3,12,21,2,6,continuous,0,continuous_scalar,0.08390920514731752,0.3376068376068376,0.07307692307692304,-0.006766381766381779
2,3,13,2,0,2,continuous,0,continuous_scalar,0.056658735374268125,0.40883190883190884,-0.011111111111111072,-0.040598290598290676
3,2,0,4,0,4,continuous,0,continuous_scalar,0.06751219628709061,0.4959514170040486,0.0,0.0
3,2,1,10,1,2,categorical,3,threshold_binning,0.0002544894537528369,0.4888663967611336,0.0,0.0
3,2,2,26,3,2,continuous,0,continuous_scalar,0.010905940651754048,0.5394736842105263,0.0,0.0
3,2,3,19,2,3,continuous,0,continuous_scalar,0.020367599680711782,0.5080971659919028,0.0,0.0
3,2,4,23,2,7,continuous,0,continuous_scalar,0.2134535177972326,0.9736842105263157,0.01315789473684208,0.0
3,2,5,13,1,5,continuous,0,continuous_scalar,0.005906034436771997,0.5323886639676113,0.0,0.0
3,2,6,7,0,7,continuous,0,continuous_scalar,0.19825446750874523,0.9544534412955465,0.0,0.0
3,2,7,28,3,4,continuous,0,continuous_scalar,0.023760174094910963,0.49493927125506076,0.0,0.0
3,2,8,18,2,2,continuous,0,continuous_scalar,0.018831731804496567,0.5141700404858299,0.0,0.0
3,2,9,25,3,1,continuous,0,continuous_scalar,0.19494946806314836,0.9736842105263157,0.010526315789473672,0.013157894736842035
3,2,10,14,1,6,continuous,0,continuous_scalar,0.2025162331939166,0.986842105263158,0.007894736842105222,0.013157894736842035
3,2,11,9,1,1,continuous,0,continuous_scalar,0.02820346288650265,0.48785425101214575,0.0,0.0
3,2,12,20,2,4,continuous,0,continuous_scalar,0.015084684140965733,0.8441295546558705,0.0,0.0
4,3,0,30,3,6,continuous,0,continuous_scalar,0.1407227124793967,0.4271428571428572,0.040857142857142856,0.0
4,3,1,24,3,0,categorical,2,prototype_discretization,0.0691139787172196,0.4066666666666667,0.028095238095238062,0.016666666666666607
4,3,2,21,2,6,continuous,0,continuous_scalar,0.005398566926658118,0.4295238095238095,0.038285714285714326,-0.013333333333333197
4,3,3,22,2,7,categorical,4,prototype_discretization,0.03614188609108447,0.3057142857142857,0.00857142857142854,0.02857142857142858
4,3,4,0,0,0,categorical,5,prototype_discretization,0.005520484542189367,0.3109523809523809,-0.003238095238095173,-0.013333333333333197
4,3,5,32,3,8,categorical,3,prototype_discretization,0.006393618125514146,0.36571428571428566,0.002095238095238128,0.0033333333333334103
4,3,6,25,3,1,continuous,0,continuous_scalar,0.23116987909955664,0.7414285714285714,0.1582857142857143,0.016666666666666607
4,3,7,28,3,4,continuous,0,continuous_scalar,0.06607396126790006,0.27238095238095233,0.0195238095238095,0.016666666666666607
4,3,8,33,3,9,continuous,0,continuous_scalar,0.004086029751231463,0.4042857142857143,0.022857142857142843,0.011904761904761973
4,3,9,14,1,6,continuous,0,continuous_scalar,0.19405956726470608,0.3442857142857143,0.04666666666666661,0.02857142857142858
4,3,10,17,2,2,continuous,0,continuous_scalar,0.24131931573454338,0.7747619047619048,0.243047619047619,0.07523809523809522
5,4,0,17,2,1,categorical,2,threshold_binning,0.0495126253944357,0.3607954545454546,0.005397727272727271,-0.035511363636363646
5,4,1,9,1,1,continuous,0,continuous_scalar,0.09960850382630915,0.2991695804195804,0.0701704545454546,0.026988636363636354
5,4,2,15,1,7,continuous,0,continuous_scalar,0.15138823443213767,0.4059222027972028,0.05437062937062944,0.08457167832167845
5,4,3,0,0,0,categorical,4,threshold_binning,0.13608427483088517,0.45454545454545453,0.016673951048951106,0.019230769230769273
5,4,4,18,2,2,continuous,0,continuous_scalar,0.01193760220648845,0.22607080419580422,0.01492569930069929,0.0042613636363636465
5,4,5,3,0,3,categorical,2,threshold_binning,0.04921168778302974,0.3112980769230769,0.0,0.015625
5,4,6,25,3,3,continuous,0,continuous_scalar,0.12013558754827754,0.36319930069930073,0.012500000000000112,0.0042613636363636465
5,4,7,16,2,0,continuous,0,continuous_scalar,0.14080507026384062,0.4519230769230769,0.10476398601398607,0.11090472027972043
5,4,8,24,3,2,categorical,3,prototype_discretization,0.044822760768421205,0.3146853146853147,0.0,0.011363636363636354
5,4,9,6,0,6,continuous,0,continuous_scalar,0.030297316272059775,0.2671547202797203,0.01335227272727273,0.0042613636363636465
5,4,10,27,3,5,continuous,0,continuous_scalar,0.16619633667411499,0.6859702797202797,0.3269667832167833,0.050480769230769273
6,2,0,2,0,2,continuous,0,continuous_scalar,0.06066428840328464,0.5580065359477124,0.0,0.01388888888888895
6,2,1,16,1,8,categorical,3,threshold_binning,0.02388752352247368,0.48774509803921573,0.0,0.0
6,2,2,23,2,6,continuous,0,continuous_scalar,0.13205763972606463,0.9297385620915033,0.031045751633986995,0.0
6,2,3,19,2,2,continuous,0,continuous_scalar,0.12493106031300003,0.9428104575163399,0.011111111111111183,0.01388888888888895
6,2,4,21,2,4,continuous,0,continuous_scalar,0.06793108659119365,0.5580065359477124,0.0,0.01388888888888895
6,2,5,25,3,0,continuous,0,continuous_scalar,0.02183002748563091,0.4861111111111111,0.0,0.01388888888888895
6,2,6,33,3,8,continuous,0,continuous_scalar,0.0952833531783036,0.8717320261437909,0.01062091503267979,0.01388888888888895
6,2,7,11,1,3,continuous,0,continuous_scalar,0.06294746443682209,0.5032679738562091,-0.002941176470588225,0.0
6,2,8,15,1,7,categorical,2,prototype_discretization,0.05229081524141911,0.6160130718954249,0.00833333333333337,0.01388888888888895
6,2,9,8,1,0,categorical,4,prototype_discretization,0.07661562958847397,0.7361111111111112,0.002941176470588247,0.0
6,2,10,30,3,5,continuous,0,continuous_scalar,0.1341864898936616,0.9722222222222222,0.034477124183006615,0.01388888888888895
6,2,11,29,3,4,continuous,0,continuous_scalar,0.1291028421281662,0.7589869281045751,0.00555555555555558,0.0
6,2,12,28,3,3,continuous,0,continuous_scalar,0.015427262974043053,0.48774509803921573,0.01111111111111116,0.01388888888888895
6,2,13,9,1,1,continuous,0,continuous_scalar,0.0028445165174628053,0.4027777777777778,0.00555555555555558,0.01388888888888895
7,4,0,4,0,4,continuous,0,continuous_scalar,0.006476770272013633,0.26282051282051283,-0.00952380952380949,-0.011904761904761862
7,4,1,2,0,2,categorical,2,threshold_binning,0.005844184617246244,0.2523809523809524,0.0,-0.011904761904761862
7,4,2,21,2,6,continuous,0,continuous_scalar,0.14929101354631374,0.36776556776556774,0.00714285714285714,-0.011904761904761862
7,4,3,12,1,4,continuous,0,continuous_scalar,0.15299911503683414,0.34093406593406594,-0.00714285714285714,0.011904761904761862
7,4,4,22,3,0,continuous,0,continuous_scalar,0.1288240579175954,0.6352564102564102,0.0476190476190476,0.0
7,4,5,26,3,4,continuous,0,continuous_scalar,0.16341428738054223,0.5775641025641025,0.06578754578754571,0.0357142857142857
7,4,6,6,0,6,continuous,0,continuous_scalar,0.00032541600775168295,0.27673992673992676,0.00952380952380949,-0.011904761904761862
7,4,7,29,3,7,continuous,0,continuous_scalar,0.1451859544601379,0.3586080586080586,-0.011904761904761885,0.0
7,4,8,30,3,8,continuous,0,continuous_scalar,0.03308530436355451,0.4208791208791209,0.00714285714285714,-0.011904761904761862
7,4,9,18,2,3,continuous,0,continuous_scalar,0.17512183553561114,0.5626373626373626,0.05499999999999998,0.023809523809523836
7,4,10,25,3,3,continuous,0,continuous_scalar,0.00936765151797898,0.41510989010989013,-0.0023809523809523946,-0.023809523809523725
7,4,11,24,3,2,categorical,2,threshold_binning,0.030064409344420357,0.325,0.011904761904761908,0.0
8,3,0,2,0,2,continuous,0,continuous_scalar,0.11364665793534208,0.5454545454545454,-0.007954545454545459,-0.030303030303030276
8,3,1,31,3,6,continuous,0,continuous_scalar,0.08344834887656744,0.6742424242424242,0.01212121212121211,-0.015151515151515138
8,3,2,23,2,8,continuous,0,continuous_scalar,0.06564023504915087,0.4696969696969697,0.0064393939393939,0.0
8,3,3,16,2,1,continuous,0,continuous_scalar,0.06954242783235827,0.3503787878787879,-0.0030303030303030277,-0.015151515151515138
8,3,4,6,0,6,continuous,0,continuous_scalar,0.074465849364168,0.32196969696969696,0.006060606060606055,0.0
8,3,5,11,1,3,continuous,0,continuous_scalar,0.009370504515711125,0.5776515151515151,-0.006818181818181834,-0.015151515151515138
8,3,6,27,3,2,continuous,0,continuous_scalar,0.1212523204251565,0.8409090909090909,0.06477272727272727,0.02083333333333326
8,3,7,9,1,1,continuous,0,continuous_scalar,0.08083407963130682,0.3863636363636364,0.012499999999999956,0.0
8,3,8,0,0,0,continuous,0,continuous_scalar,0.09701331084091441,0.25946969696969696,-0.0030303030303030277,-0.015151515151515138
8,3,9,3,0,3,continuous,0,continuous_scalar,0.09911174396827138,0.45265151515151514,0.0,0.0
8,3,10,15,2,0,continuous,0,continuous_scalar,0.125155216442745,0.9034090909090909,0.11401515151515158,0.011363636363636354
8,3,11,32,3,7,categorical,3,threshold_binning,0.0605193051183081,0.4375,0.0,-0.015151515151515138
9,4,0,19,2,1,categorical,4,threshold_binning,0.07339832995169669,0.33055555555555555,-0.016417748917748963,0.0
9,4,1,12,1,4,continuous,0,continuous_scalar,0.10135350008645441,0.2748917748917749,-0.0004870129870130135,0.0267857142857143
9,4,2,6,0,6,continuous,0,continuous_scalar,0.05899583684576453,0.17705627705627705,0.0013492063492063222,0.003625541125541032
9,4,3,18,2,0,continuous,0,continuous_scalar,0.17569064693097408,0.5280303030303031,0.2362085137085137,0.10606060606060608
9,4,4,10,1,2,continuous,0,continuous_scalar,0.08807653705746792,0.25216450216450215,0.021266233766233756,0.02029220779220775
9,4,5,7,0,7,categorical,2,threshold_binning,0.03381520767212337,0.23358585858585856,0.0,0.0
9,4,6,4,0,4,categorical,2,prototype_discretization,0.05973292783512342,0.20292207792207792,0.0017857142857142794,0.008928571428571397
9,4,7,3,0,3,continuous,0,continuous_scalar,0.03440241187402472,0.23648989898989897,-0.025220057720057688,-0.026587301587301604
9,4,8,5,0,5,categorical,5,threshold_binning,0.03528052942604653,0.14707792207792206,0.011024531024531025,0.011363636363636354
9,4,9,9,1,1,continuous,0,continuous_scalar,0.19165791710242092,0.44839466089466096,0.09424242424242422,0.03452380952380951
9,4,10,0,0,0,categorical,3,prototype_discretization,0.08040014078425876,0.3003246753246753,0.10789682539682544,0.11856060606060603
9,4,11,16,1,8,categorical,4,threshold_binning,0.06719601443364466,0.31367243867243866,0.01038961038961037,0.007738095238095211
10,4,0,10,1,2,categorical,3,threshold_binning,0.014444003405898733,0.3908371040723982,0.0036324786324786196,0.019230769230769162
10,4,1,18,2,2,continuous,0,continuous_scalar,0.12422330053440098,0.49534942182001007,0.05517848164906982,0.03764454499748615
10,4,2,26,3,2,continuous,0,continuous_scalar,0.06356137593190334,0.24157868275515335,-0.009615384615384715,-0.028594771241830186
10,4,3,28,3,4,continuous,0,continuous_scalar,0.14816936936758518,0.38958019105077935,0.24184263448969334,0.08547008547008539
10,4,4,22,2,6,continuous,0,continuous_scalar,0.0017059063607952002,0.30297888386123684,-0.033119658119658224,-0.03393665158371051
10,4,5,7,0,7,categorical,2,threshold_binning,0.0761842924641524,0.24773755656108598,-0.0068376068376068576,-0.024572649572649485
10,4,6,6,0,6,continuous,0,continuous_scalar,0.14328754507435654,0.45984162895927605,0.07741327300150828,0.0
10,4,7,25,3,1,continuous,0,continuous_scalar,0.11390339793673453,0.41892911010558065,-0.020940170940170998,-0.033119658119658224
10,4,8,2,0,2,categorical,3,threshold_binning,0.1280290198323818,0.3888888888888889,0.010470085470085433,-0.014705882352941124
10,4,9,27,3,3,categorical,2,threshold_binning,0.051342711350913846,0.4668803418803419,0.0010683760683760201,0.038461538461538325
10,4,10,9,1,1,continuous,0,continuous_scalar,0.13514907774087748,0.4135872297637003,-0.008333333333333392,0.019230769230769162
11,2,0,12,1,4,continuous,0,continuous_scalar,0.03986602844714006,0.39464285714285713,0.017857142857142905,0.0
11,2,1,28,3,6,continuous,0,continuous_scalar,0.1466160992846881,0.9464285714285714,0.1789285714285715,0.017857142857142905
11,2,2,17,2,3,continuous,0,continuous_scalar,0.03997226854951604,0.37857142857142856,0.007142857142857162,0.0
11,2,3,29,3,7,continuous,0,continuous_scalar,0.0050503034401180305,0.9089285714285715,0.013214285714285757,-0.017857142857142794
11,2,4,11,1,3,continuous,0,continuous_scalar,0.03822851723617917,0.41607142857142854,0.007142857142857162,0.0
11,2,5,27,3,5,continuous,0,continuous_scalar,0.05981846981777399,0.7482142857142857,0.003571428571428581,0.0
11,2,6,3,0,3,categorical,2,threshold_binning,0.0529780874932407,0.4839285714285714,0.0,0.0
11,2,7,20,2,6,categorical,4,threshold_binning,0.04692321668658582,0.43392857142857144,0.0,0.0
11,2,8,18,2,4,continuous,0,continuous_scalar,0.15894551318100522,0.9321428571428572,0.017857142857142905,0.0
11,2,9,15,2,1,categorical,4,prototype_discretization,0.03408465211095738,0.4482142857142857,0.003571428571428581,0.017857142857142905
11,2,10,21,2,7,continuous,0,continuous_scalar,0.10783242629894833,0.49464285714285716,0.007142857142857162,0.0
11,2,11,8,1,0,categorical,3,prototype_discretization,0.033794141161305115,0.4857142857142857,0.0,0.0
11,2,12,10,1,2,continuous,0,continuous_scalar,0.12958540115664913,0.42321428571428577,0.007142857142857162,0.0
11,2,13,7,0,7,continuous,0,continuous_scalar,0.10630487513589293,0.6321428571428571,0.013571428571428634,0.017857142857142905
12,3,0,19,2,3,continuous,0,continuous_scalar,0.07170439950626263,0.2748792270531401,0.008282340311325843,0.02901234567901234
12,3,1,13,1,5,continuous,0,continuous_scalar,0.09273954996670591,0.38293075684380035,0.07191089640365003,0.024691358024691246
12,3,2,23,2,7,categorical,3,threshold_binning,0.06104664169925978,0.39312936124530323,0.021481481481481435,0.014519592055823982
12,3,3,6,0,6,continuous,0,continuous_scalar,0.003652220997281345,0.4538915727321524,-0.01449275362318836,-0.0021470746108426253
12,3,4,4,0,4,continuous,0,continuous_scalar,0.13122595681053992,0.5591250670960816,0.01859903381642509,0.031159420289855078
12,3,5,20,2,4,continuous,0,continuous_scalar,0.10077670687301239,0.5235909822866345,0.04877079978529255,0.08054213633923779
12,3,6,12,1,4,continuous,0,continuous_scalar,0.022526247108778808,0.57361782071927,0.01772410091250669,0.02901234567901234
12,3,7,9,1,1,continuous,0,continuous_scalar,0.1252042713514686,0.5069779924852389,0.047600644122383226,0.04350509930220081
12,3,8,26,3,2,continuous,0,continuous_scalar,0.12941497123288734,0.48443370907139016,0.050633387010198615,-0.018813741277509344
12,3,9,27,3,3,categorical,6,prototype_discretization,0.10111043105277355,0.5683574879227052,0.04264090177133657,0.033333333333333326
12,3,10,18,2,2,continuous,0,continuous_scalar,0.041202591048487475,0.2872249060654858,0.050316693505099305,0.010171765968867374
12,3,11,21,2,5,continuous,0,continuous_scalar,0.11939601235254223,0.4785024154589372,0.18925925925925927,0.07249060654857753
13,4,0,27,3,2,continuous,0,continuous_scalar,0.08527695750275853,0.3217948717948718,-0.01961538461538457,-0.026556776556776573
13,4,1,19,2,1,continuous,0,continuous_scalar,0.056906569625819525,0.22417582417582418,-0.020503663003663,-0.019230769230769273
13,4,2,24,2,6,continuous,0,continuous_scalar,0.08155329095653921,0.2906593406593407,-0.04127289377289376,-0.03328754578754578
13,4,3,32,3,7,categorical,5,prototype_discretization,0.08019755224585652,0.5480769230769231,-0.008653846153846123,-0.017673992673992722
13,4,4,15,1,7,continuous,0,continuous_scalar,0.13484752144345424,0.3303113553113553,-0.0442582417582418,-0.03173076923076923
13,4,5,6,0,6,continuous,0,continuous_scalar,0.14038949344903634,0.32815934065934066,0.004258241758241787,-0.0005952380952379821
13,4,6,10,1,2,categorical,3,prototype_discretization,0.09325011059363691,0.4125,0.006153846153846221,1.1102230246251565e-16
13,4,7,21,2,3,continuous,0,continuous_scalar,0.13751536029327693,0.7095695970695971,0.20003663003663003,0.054578754578754496
13,4,8,31,3,6,continuous,0,continuous_scalar,0.025008859766609114,0.22179487179487178,-0.01476190476190482,0.00576923076923086
13,4,9,30,3,5,continuous,0,continuous_scalar,0.014638153766909686,0.2874084249084249,-0.03887362637362637,-0.038461538461538436
13,4,10,11,1,3,continuous,0,continuous_scalar,0.10878962976234755,0.3821428571428572,-0.03233516483516476,-0.007326007326007411
13,4,11,22,2,4,continuous,0,continuous_scalar,0.0416265005937554,0.35943223443223443,-0.01403846153846149,-0.038461538461538436
14,2,0,18,2,0,continuous,0,continuous_scalar,0.07060367545846906,0.4118773946360153,-0.000766283524904221,0.0033524904214559115
14,2,1,16,1,8,categorical,2,threshold_binning,0.10330223240387534,0.7954980842911877,0.13869731800766286,0.0033524904214559115
14,2,2,26,2,8,categorical,4,prototype_discretization,0.10422000648153619,0.6388888888888888,-0.004885057471264354,0.0033524904214559115
14,2,3,35,3,7,categorical,2,threshold_binning,0.008706789173654628,0.46503831417624525,0.0,-0.01388888888888884
14,2,4,37,3,9,continuous,0,continuous_scalar,0.13454461134105636,0.7126436781609196,0.026149425287356354,0.020593869731800774
14,2,5,17,1,9,categorical,4,threshold_binning,0.017544414394280027,0.7538314176245211,0.1103448275862069,0.0
14,2,6,0,0,0,continuous,0,continuous_scalar,0.16133408060054508,0.5919540229885057,0.11398467432950192,0.05890804597701149
14,2,7,10,1,2,continuous,0,continuous_scalar,0.11631810451829908,0.5014367816091954,-0.001436781609195381,0.0033524904214559115
14,2,8,8,1,0,continuous,0,continuous_scalar,0.01764188422765554,0.46360153256704983,0.0,-0.01388888888888884
14,2,9,14,1,6,continuous,0,continuous_scalar,0.13343362294035857,0.5814176245210728,0.02538314176245211,-0.01388888888888884
14,2,10,25,2,7,continuous,0,continuous_scalar,0.13235057846027018,0.4846743295019157,-0.0007662835249041989,-0.010536398467432928
15,2,0,20,2,6,continuous,0,continuous_scalar,0.043317872247888516,0.46969696969696967,0.0,0.0
15,2,1,17,2,3,continuous,0,continuous_scalar,0.1295640920820342,0.5454545454545454,0.045454545454545456,0.015151515151515138
15,2,2,12,1,4,categorical,3,prototype_discretization,0.0801468515548952,0.6515151515151515,0.01212121212121211,0.0
15,2,3,30,3,7,categorical,3,prototype_discretization,9.610917547254007e-05,0.6666666666666666,0.0,0.0
15,2,4,16,2,2,continuous,0,continuous_scalar,0.15216396427677076,0.8484848484848485,0.0757575757575758,0.0
15,2,5,9,1,1,categorical,3,threshold_binning,0.10212824391741769,0.696969696969697,0.0,0.0
15,2,6,28,3,5,continuous,0,continuous_scalar,0.15639398415875805,0.8181818181818181,0.11212121212121214,0.015151515151515138
15,2,7,10,1,2,continuous,0,continuous_scalar,0.01011537019630681,0.5303030303030303,0.0,0.0
15,2,8,26,3,3,continuous,0,continuous_scalar,0.12986334619815101,0.5606060606060606,0.042424242424242455,0.015151515151515138
15,2,9,5,0,5,categorical,2,threshold_binning,0.09493076054060225,0.696969696969697,0.006060606060606055,0.0
15,2,10,24,3,1,categorical,3,threshold_binning,0.10127940565170296,0.7121212121212122,0.015151515151515116,0.0
16,3,0,12,1,4,categorical,5,prototype_discretization,0.014117409040094547,0.34226884226884224,-0.009090909090909084,-0.015151515151515138
16,3,1,10,1,2,categorical,4,threshold_binning,0.10503249147506703,0.3917378917378917,-0.018181818181818167,-0.015151515151515138
16,3,2,17,2,3,categorical,3,threshold_binning,0.014743432547666564,0.27946127946127947,-0.0030303030303030277,-0.015151515151515138
16,3,3,29,3,6,continuous,0,continuous_scalar,0.169449476662034,0.6569541569541569,0.1748510748510749,0.1195286195286196
16,3,4,28,3,5,continuous,0,continuous_scalar,0.12512781645859292,0.44923594923594923,0.02248122248122251,-0.027972027972027913
16,3,5,0,0,0,categorical,2,prototype_discretization,0.013750384817739327,0.3624708624708625,0.0,-0.015151515151515138
16,3,6,30,3,7,continuous,0,continuous_scalar,0.0970519174324681,0.48925148925148926,0.006319606319606352,-0.030303030303030276
16,3,7,18,2,4,categorical,2,threshold_binning,0.03207952903931353,0.5071225071225071,0.08370888370888377,-0.027972027972027913
16,3,8,4,0,4,continuous,0,continuous_scalar,0.12303998886716516,0.35923335923335925,0.005775705775705786,-0.030303030303030276
16,3,9,13,1,5,categorical,3,threshold_binning,0.0001371141146098432,0.27933177933177933,-0.0030303030303030277,-0.030303030303030276
16,3,10,8,1,0,categorical,2,threshold_binning,0.018961564947285132,0.3247863247863248,-0.006060606060606055,-0.030303030303030276
16,3,11,7,0,7,categorical,2,prototype_discretization,0.01156547145427086,0.3148148148148148,-0.009090909090909084,-0.015151515151515138
16,3,12,5,0,5,continuous,0,continuous_scalar,0.02760466482156516,0.3131313131313131,-0.021212121212121193,-0.030303030303030276
16,3,13,9,1,1,continuous,0,continuous_scalar,0.0302991450505365,0.31364931364931364,-0.030303030303030276,-0.015151515151515138
16,3,14,15,2,1,categorical,3,prototype_discretization,0.08298433344921578,0.4230769230769231,0.015151515151515183,-0.015151515151515138
16,3,15,20,2,6,continuous,0,continuous_scalar,0.13405525982237554,0.4151774151774152,0.11730121730121738,-0.04312354312354305
17,2,0,20,2,5,continuous,0,continuous_scalar,0.2722722493554268,0.7992359932088284,0.03132427843803058,0.0
17,2,1,26,3,3,continuous,0,continuous_scalar,0.021708525875004585,0.4698641765704584,0.0,0.0
17,2,2,11,1,3,continuous,0,continuous_scalar,0.009506456684754527,0.5152801358234296,0.0,0.0
17,2,3,15,2,0,continuous,0,continuous_scalar,0.01682018426746896,0.47580645161290325,0.0,0.0
17,2,4,10,1,2,categorical,5,threshold_binning,0.020074968381139625,0.4847198641765704,0.0,0.0
17,2,5,16,2,1,continuous,0,continuous_scalar,0.25831461485872653,0.6808149405772496,-0.0032258064516129,-0.016129032258064502
17,2,6,6,0,6,continuous,0,continuous_scalar,4.421869811145807e-05,0.3629032258064516,0.0,0.0
17,2,7,24,3,1,categorical,2,prototype_discretization,0.03144502328097105,0.7071307300509337,0.0,0.0
17,2,8,1,0,1,categorical,2,threshold_binning,0.0019897887191461863,0.4367572156196944,0.0,0.0
17,2,9,7,0,7,continuous,0,continuous_scalar,0.011965295094406908,0.41129032258064513,0.0,0.0
17,2,10,3,0,3,categorical,2,prototype_discretization,0.004970997647528274,0.47368421052631576,0.0,0.0
17,2,11,23,3,0,continuous,0,continuous_scalar,0.28964272876924285,0.9838709677419355,0.25280135823429545,0.013157894736842035
17,2,12,28,3,5,categorical,6,threshold_binning,0.050905180363776927,0.8344651952461799,-0.0032258064516129,0.0
17,2,13,21,2,6,continuous,0,continuous_scalar,0.010339768004295336,0.5445670628183361,0.0,0.0
18,4,0,18,2,4,continuous,0,continuous_scalar,0.08575345971958456,0.3935661764705882,0.038272058823529354,0.0
18,4,1,9,1,1,continuous,0,continuous_scalar,0.002520396261999291,0.3266544117647059,0.020624999999999984,0.012499999999999956
18,4,2,19,2,5,continuous,0,continuous_scalar,0.09750564232744509,0.43676470588235294,0.08624999999999998,0.01966911764705881
18,4,3,4,0,4,continuous,0,continuous_scalar,0.12986552047395705,0.4476102941176471,-0.008088235294117684,0.03125
18,4,4,12,1,4,continuous,0,continuous_scalar,0.12261496063176958,0.5332720588235295,0.09033088235294111,0.030330882352941124
18,4,5,14,2,0,continuous,0,continuous_scalar,0.13536401072182527,0.4373161764705882,0.01136029411764703,0.012499999999999956
18,4,6,0,0,0,continuous,0,continuous_scalar,0.0017145950562638085,0.20349264705882353,0.013566176470588198,0.0
18,4,7,11,1,3,continuous,0,continuous_scalar,0.09773400525542213,0.4645220588235294,0.06437499999999996,0.03125
18,4,8,21,3,1,continuous,0,continuous_scalar,0.022135860215186657,0.22003676470588235,0.03290441176470586,0.01378676470588236
18,4,9,7,0,7,categorical,2,prototype_discretization,0.07650123377662452,0.4375,0.04624999999999999,0.018749999999999933
18,4,10,22,3,2,continuous,0,continuous_scalar,0.12388508786868319,0.5702205882352942,0.16091911764705874,0.017830882352941058
18,4,11,24,3,4,continuous,0,continuous_scalar,0.10440522769123885,0.5261029411764706,0.0648161764705882,-0.01158088235294119
19,4,0,8,1,0,continuous,0,continuous_scalar,0.07554770393730166,0.23953634085213033,0.04448621553884698,-0.0012531328320802837
19,4,1,11,1,3,categorical,2,threshold_binning,0.012143782272478492,0.2791666666666667,0.006666666666666643,-0.026315789473684292
19,4,2,27,3,7,categorical,3,prototype_discretization,0.06892375959516989,0.23289473684210527,0.0071428571428571175,0.02017543859649118
19,4,3,28,3,8,continuous,0,continuous_scalar,0.11263800487929054,0.66234335839599,0.07198621553884695,0.04874686716791965
19,4,4,6,0,6,continuous,0,continuous_scalar,0.019512642887762135,0.22114661654135337,0.001879699248120259,-0.03947368421052633
19,4,5,14,2,0,continuous,0,continuous_scalar,0.001048033779397878,0.24906015037593984,0.0102005012531327,0.0022556390977441776
19,4,6,21,3,1,categorical,3,prototype_discretization,0.06980621474779895,0.33771929824561403,0.025463659147869567,0.02857142857142847
19,4,7,9,1,1,continuous,0,continuous_scalar,0.02681585066340601,0.31168546365914784,-0.012431077694235659,0.015413533834586324
19,4,8,19,2,5,categorical,5,prototype_discretization,0.10288742255749025,0.5350877192982456,0.1402067669172931,0.0
19,4,9,2,0,2,continuous,0,continuous_scalar,0.07548230325429028,0.19555137844611528,0.020701754385964822,-0.017919799498747002
19,4,10,13,1,5,continuous,0,continuous_scalar,0.06147848435587775,0.18887844611528826,0.02817669172932318,-0.006140350877193113
19,4,11,3,0,3,continuous,0,continuous_scalar,0.06889695469424524,0.21137218045112782,0.040733082706766746,0.00576441102756875
19,4,12,12,1,4,continuous,0,continuous_scalar,0.11567764789169818,0.6010338345864661,0.06766290726817029,0.03208020050125304
19,4,13,17,2,3,continuous,0,continuous_scalar,0.07463603955633927,0.18233082706766918,0.01784461152882195,-0.01441102756892243
19,4,14,1,0,1,continuous,0,continuous_scalar,0.11450515492745345,0.5594298245614034,0.025144110275689125,0.011904761904761862
20,2,0,30,3,5,continuous,0,continuous_scalar,0.12739640784983386,0.42221331194867684,0.010344827586206851,0.0
20,2,1,18,2,2,continuous,0,continuous_scalar,0.03611880237214209,0.33039294306335204,0.0,0.0
20,2,2,1,0,1,continuous,0,continuous_scalar,0.03812652707652353,0.5781876503608661,0.0,0.0
20,2,3,15,1,7,continuous,0,continuous_scalar,0.02044884889628789,0.491579791499599,0.0,0.0
20,2,4,22,2,6,categorical,2,threshold_binning,0.18868202213332658,0.7413793103448276,0.09422614274258215,0.0
20,2,5,12,1,4,continuous,0,continuous_scalar,0.17394382853628382,0.5376904570970329,0.0,0.0
20,2,6,32,3,7,continuous,0,continuous_scalar,0.09161349991184886,0.45188452285485164,0.0,0.0
20,2,7,3,0,3,continuous,0,continuous_scalar,0.02506640620204401,0.5717722534081796,0.0,0.0
20,2,8,27,3,2,continuous,0,continuous_scalar,0.2986036570217094,0.9246190858059342,0.2939855653568564,0.15517241379310343
21,4,0,10,1,2,continuous,0,continuous_scalar,0.02041575504572879,0.3055555555555556,0.0,-0.025000000000000133
21,4,1,25,3,1,continuous,0,continuous_scalar,0.07613556172106734,0.26666666666666666,0.0,0.0
21,4,2,2,0,2,continuous,0,continuous_scalar,0.04361313044762956,0.20138888888888887,-0.01722222222222234,-0.025000000000000133
21,4,3,12,1,4,continuous,0,continuous_scalar,0.11320180488387956,0.6222222222222221,0.03749999999999989,-0.025000000000000133
21,4,4,29,3,5,continuous,0,continuous_scalar,0.12813521801475386,0.6027777777777779,0.06555555555555544,0.016666666666666496
21,4,5,9,1,1,categorical,3,prototype_discretization,0.053974958293129136,0.3611111111111111,-0.020277777777777905,0.01388888888888884
21,4,6,15,2,0,continuous,0,continuous_scalar,0.12890604450050686,0.4847222222222223,0.04916666666666656,-0.025000000000000133
21,4,7,8,1,0,continuous,0,continuous_scalar,0.059641681835932756,0.2486111111111111,-0.02444444444444458,-0.03888888888888897
21,4,8,3,0,3,continuous,0,continuous_scalar,0.13228412312437282,0.45833333333333337,0.039999999999999855,-0.02361111111111125
21,4,9,16,2,1,continuous,0,continuous_scalar,0.10303601131544356,0.25416666666666665,0.1822222222222221,0.11666666666666647
21,4,10,18,2,3,continuous,0,continuous_scalar,0.05206324940850804,0.23750000000000002,0.0,-0.036111111111111205
21,4,11,1,0,1,continuous,0,continuous_scalar,0.018860825407391167,0.2847222222222222,0.004999999999999982,0.0
21,4,12,4,0,4,categorical,2,threshold_binning,0.009182995887703787,0.2638888888888889,0.0,0.0
21,4,13,20,2,5,continuous,0,continuous_scalar,0.06054864011395279,0.2111111111111111,0.0,-0.025000000000000133
22,2,0,17,2,2,continuous,0,continuous_scalar,0.10090332272052097,0.5402046783625731,-0.005263157894736814,-0.013157894736842035
22,2,1,28,3,3,categorical,3,threshold_binning,0.0770058881765011,0.7404970760233918,-0.014035087719298178,-0.01388888888888884
22,2,2,25,3,0,continuous,0,continuous_scalar,0.024467524577145582,0.564327485380117,0.011842105263157876,0.0007309941520468044
22,2,3,16,2,1,continuous,0,continuous_scalar,0.0941379146667716,0.7697368421052632,0.0073099415204679104,0.0
22,2,4,23,2,8,continuous,0,continuous_scalar,0.0840610122651028,0.7711988304093567,0.011257309941520521,0.013157894736842257
22,2,5,0,0,0,categorical,2,prototype_discretization,0.056261919559394864,0.47953216374269003,0.0,0.01388888888888895
22,2,6,19,2,4,categorical,3,threshold_binning,0.06448151588319458,0.5504385964912281,0.022222222222222254,0.0
22,2,7,31,3,6,continuous,0,continuous_scalar,0.06353770127929136,0.5387426900584795,0.0001461988304094275,-0.013157894736842035
22,2,8,5,0,5,categorical,2,prototype_discretization,0.0028898020321376943,0.5328947368421053,0.000292397660818744,0.01388888888888895
22,2,9,20,2,5,continuous,0,continuous_scalar,0.09491520659623816,0.6578947368421053,0.1032163742690059,0.06725146198830412
22,2,10,8,1,0,categorical,4,prototype_discretization,0.0934891162819543,0.689327485380117,-0.002339181286549663,-0.01388888888888884
22,2,11,6,0,6,continuous,0,continuous_scalar,0.012995273750845101,0.4861111111111111,0.0,0.0
22,2,12,11,1,3,continuous,0,continuous_scalar,0.08709132999196216,0.513157894736842,0.025438596491228083,0.0
22,2,13,3,0,3,categorical,2,threshold_binning,0.04664349746313556,0.5884502923976608,-0.0020467836257309635,-0.013157894736842035
22,2,14,4,0,4,categorical,3,prototype_discretization,0.0971189747558042,0.6403508771929824,-0.016228070175438526,0.0
23,3,0,14,1,6,continuous,0,continuous_scalar,0.015965789254255194,0.38606060606060605,0.008363636363636306,0.0
23,3,1,4,0,4,categorical,3,prototype_discretization,0.0693395411971343,0.39454545454545453,-0.005333333333333324,-0.013333333333333308
23,3,2,6,0,6,categorical,3,threshold_binning,0.019503690667976956,0.3648484848484848,-0.002666666666666662,0.0018181818181818299
23,3,3,9,1,1,continuous,0,continuous_scalar,0.00450112981187559,0.20363636363636364,0.016363636363636247,0.0
23,3,4,8,1,0,categorical,2,threshold_binning,0.04510347896525979,0.526060606060606,-2.2204460492503132e-17,0.013333333333333308
23,3,5,16,2,1,continuous,0,continuous_scalar,0.11606837811629511,0.48666666666666664,0.20157575757575752,0.013333333333333197
23,3,6,20,2,5,continuous,0,continuous_scalar,0.0030033305547016984,0.3709090909090909,-0.002666666666666684,0.013333333333333308
23,3,7,27,3,4,categorical,6,prototype_discretization,0.11118048710436994,0.6878787878787879,0.22048484848484842,0.1406060606060605
23,3,8,11,1,3,continuous,0,continuous_scalar,0.015972686015161195,0.3212121212121212,0.015999999999999858,0.026666666666666505
23,3,9,18,2,3,categorical,6,threshold_binning,0.0703003225231897,0.4460606060606061,0.011030303030302946,0.015151515151515027
23,3,10,22,2,7,categorical,2,prototype_discretization,0.0014946452784935162,0.3333333333333333,0.0,-0.013333333333333308
23,3,11,19,2,4,continuous,0,continuous_scalar,0.11128978547409535,0.43151515151515146,0.044121212121211985,0.028484848484848335
23,3,12,2,0,2,categorical,3,prototype_discretization,0.06373989624384634,0.4466666666666666,0.01333333333333322,0.04181818181818164
23,3,13,21,2,6,continuous,0,continuous_scalar,0.10911578585397178,0.36303030303030304,0.12630303030303022,0.040000000000000036
23,3,14,23,3,0,continuous,0,continuous_scalar,0.11816620755375863,0.4412121212121212,0.18533333333333327,0.1084848484848484
23,3,15,0,0,0,continuous,0,continuous_scalar,0.1252548453856149,0.3151515151515151,0.02545454545454535,0.026666666666666727
24,2,0,15,2,0,categorical,3,threshold_binning,0.07740906748670863,0.6102941176470589,0.0,0.0
24,2,1,26,3,5,continuous,0,continuous_scalar,0.02258535409387107,0.5477941176470589,0.0,0.0
24,2,2,21,3,0,categorical,3,prototype_discretization,0.04088170953098062,0.5569852941176471,0.0,0.0
24,2,3,13,1,5,continuous,0,continuous_scalar,0.1305062113984916,0.7876838235294117,0.0,0.0
24,2,4,2,0,2,categorical,4,prototype_discretization,0.08820216396824716,0.6773897058823529,0.0,0.0
24,2,5,7,0,7,continuous,0,continuous_scalar,0.02414259132402772,0.5147058823529411,0.0,0.0
24,2,6,28,3,7,categorical,4,threshold_binning,0.03464178160755004,0.8612132352941176,-0.006433823529411775,-0.0009191176470588758
24,2,7,18,2,3,continuous,0,continuous_scalar,0.07210456497730332,0.5165441176470589,0.0,0.0
24,2,8,17,2,2,continuous,0,continuous_scalar,0.008306612895604101,0.6194852941176471,0.0,0.0
24,2,9,9,1,1,categorical,4,prototype_discretization,0.022385184950686775,0.5808823529411764,0.0,0.0
24,2,10,5,0,5,continuous,0,continuous_scalar,0.12899952744495305,0.7444852941176471,0.0,0.0
24,2,11,12,1,4,continuous,0,continuous_scalar,0.11603326224227803,0.6047794117647058,0.0,0.0
24,2,12,27,3,6,continuous,0,continuous_scalar,0.03467778456089394,0.6654411764705883,-0.00625,0.0
24,2,13,16,2,1,continuous,0,continuous_scalar,0.07179616011662351,0.6231617647058824,0.0,0.0
24,2,14,29,3,8,continuous,0,continuous_scalar,0.12377442954011528,0.953125,0.2391544117647059,0.030330882352941124
24,2,15,24,3,3,continuous,0,continuous_scalar,0.003553593861665138,0.6525735294117647,0.00588235294117645,0.0
25,2,0,12,1,4,categorical,4,threshold_binning,0.08224375356255383,0.5875,-0.010357142857142843,0.014285714285714235
25,2,1,22,2,5,continuous,0,continuous_scalar,0.05867487957720413,0.659375,0.0,-0.014285714285714235
25,2,2,16,1,8,continuous,0,continuous_scalar,0.0008811680172911752,0.4303571428571429,0.0,0.0
25,2,3,9,1,1,continuous,0,continuous_scalar,0.053224929020438926,0.47857142857142854,0.005714285714285694,0.0
25,2,4,11,1,3,continuous,0,continuous_scalar,0.08987978512078365,0.5200892857142857,0.0,0.0
25,2,5,21,2,4,continuous,0,continuous_scalar,0.08751106168073132,0.5174107142857143,0.047589285714285626,0.05982142857142847
25,2,6,18,2,1,categorical,2,prototype_discretization,0.041839704836200135,0.48526785714285714,0.0,0.0
25,2,7,25,3,2,continuous,0,continuous_scalar,0.11128231340062468,0.8830357142857144,0.34464285714285714,0.3526785714285714
25,2,8,2,0,2,categorical,4,threshold_binning,0.08326618827067342,0.5535714285714286,-0.00857142857142854,-0.014285714285714235
25,2,9,5,0,5,continuous,0,continuous_scalar,0.08332349809779337,0.5071428571428571,0.0,0.0
25,2,10,1,0,1,categorical,2,prototype_discretization,0.038869634815837675,0.5683035714285714,0.0,0.0
25,2,11,27,3,4,continuous,0,continuous_scalar,0.014087020868986737,0.5397321428571429,0.0,0.0
25,2,12,30,3,7,continuous,0,continuous_scalar,0.06889049536285682,0.5200892857142857,0.005714285714285694,0.0
25,2,13,14,1,6,continuous,0,continuous_scalar,0.07373710911753366,0.5642857142857143,0.01714285714285708,0.0
25,2,14,6,0,6,continuous,0,continuous_scalar,0.06999122496772811,0.5058035714285714,0.00857142857142854,0.0
25,2,15,8,1,0,continuous,0,continuous_scalar,0.04229723328276235,0.5683035714285714,0.0,0.0
26,3,0,3,0,3,continuous,0,continuous_scalar,0.10484267307536523,0.28960622710622713,-0.0053571428571428156,-0.015873015873015817
26,3,1,31,3,4,continuous,0,continuous_scalar,0.05274123487868077,0.36897130647130644,-0.009752747252747152,-0.031746031746031744
26,3,2,10,1,2,continuous,0,continuous_scalar,0.0467161465225266,0.44864163614163616,0.0045482295482296205,-0.036706349206349076
26,3,3,16,1,8,continuous,0,continuous_scalar,0.01880609532836175,0.3624084249084249,-0.00952380952380949,-0.02869352869352859
26,3,4,5,0,5,continuous,0,continuous_scalar,0.005291750502546909,0.28609584859584863,-0.018055555555555512,-0.031746031746031744
26,3,5,14,1,6,continuous,0,continuous_scalar,0.20637677801341692,0.6990231990231991,0.16790293040293053,0.12774725274725296
26,3,6,24,2,6,continuous,0,continuous_scalar,0.005087615351179554,0.2889957264957265,-0.028373015873015793,-0.052579365079365115
26,3,7,19,2,1,continuous,0,continuous_scalar,0.2071307855007927,0.6802503052503052,0.3107905982905984,0.0960012210012211
26,3,8,0,0,0,categorical,5,prototype_discretization,0.03201897046521363,0.45856227106227104,0.016666666666666698,-0.02869352869352859
26,3,9,26,2,8,continuous,0,continuous_scalar,0.11539900127622649,0.4007173382173382,0.04265873015873023,0.004960317460317554
26,3,10,15,1,7,categorical,3,threshold_binning,0.07703778949662707,0.45535714285714285,0.016666666666666698,-0.031746031746031744
26,3,11,11,1,3,continuous,0,continuous_scalar,0.005612040204703882,0.38209706959706957,0.007142857142857206,-0.04952686202686185
26,3,12,34,3,7,continuous,0,continuous_scalar,0.1229391193843585,0.37423687423687424,0.11724664224664232,0.02083333333333337
27,4,0,14,1,6,continuous,0,continuous_scalar,0.1053898673450021,0.2108134920634921,0.04236111111111116,0.05208333333333337
27,4,1,27,2,9,categorical,3,threshold_binning,0.02478165014992123,0.32291666666666663,0.036111111111111135,0.00347222222222221
27,4,2,22,2,4,continuous,0,continuous_scalar,0.21644767865518166,0.49057539682539686,0.23759920634920642,0.1741071428571429
27,4,3,9,1,1,continuous,0,continuous_scalar,0.21732915735590685,0.3392857142857143,0.37599206349206354,0.3348214285714287
27,4,4,10,1,2,continuous,0,continuous_scalar,0.0534149774687506,0.30208333333333337,0.04613095238095244,0.014384920634920806
27,4,5,6,0,6,categorical,4,threshold_binning,0.1514365349280193,0.373015873015873,0.015575396825396926,0.014384920634920806
27,4,6,7,0,7,categorical,5,threshold_binning,0.07173187484677543,0.29960317460317465,-0.0013888888888888174,-0.003472222222222099
27,4,7,30,3,2,categorical,4,prototype_discretization,0.1594682592504428,0.4722222222222222,0.16607142857142865,0.042162698412698485
28,2,0,20,2,3,continuous,0,continuous_scalar,0.06484972962974017,0.5595533498759305,0.0,0.0
28,2,1,5,0,5,continuous,0,continuous_scalar,0.046446627160132786,0.4433416046319272,-0.0032258064516129,0.0
28,2,2,12,1,4,continuous,0,continuous_scalar,0.025914594605907875,0.5078577336641853,0.0,0.016129032258064502
28,2,3,2,0,2,continuous,0,continuous_scalar,0.046470457681043104,0.5016542597187759,0.0,0.016129032258064502
28,2,4,16,1,8,continuous,0,continuous_scalar,0.17502152898280277,0.7940446650124069,0.16352357320099248,0.0
28,2,5,25,2,8,continuous,0,continuous_scalar,0.08232910224726642,0.4950372208436724,0.0,0.0
28,2,6,26,3,0,categorical,3,prototype_discretization,0.033355609308224336,0.48345740281224153,0.0032258064516129,0.0
28,2,7,7,0,7,continuous,0,continuous_scalar,0.051958040739071454,0.4499586435070306,0.0,0.0
28,2,8,27,3,1,categorical,2,threshold_binning,0.01381707836293951,0.575682382133995,0.0064516129032258,0.016129032258064502
28,2,9,29,3,3,continuous,0,continuous_scalar,0.1641404150324906,0.9036393713813069,0.16600496277915638,0.019437551695616118
28,2,10,21,2,4,categorical,3,threshold_binning,0.03329918222177538,0.49048800661703884,-0.0032258064516129,-0.016129032258064502
28,2,11,22,2,5,continuous,0,continuous_scalar,0.12982501862991372,0.5111662531017369,-0.0006617038875103232,0.0
28,2,12,31,3,5,continuous,0,continuous_scalar,0.1325726153986919,0.42431761786600497,0.011579818031430955,0.0
29,2,0,2,0,2,continuous,0,continuous_scalar,0.02114746440891652,0.4990808823529412,-0.0204044117647058,0.015625
29,2,1,6,0,6,categorical,2,prototype_discretization,0.030894228940400895,0.5,-0.003125,0.0009191176470588758
29,2,2,15,1,7,continuous,0,continuous_scalar,0.03297726678498407,0.44025735294117646,-0.0211397058823529,-0.014705882352941124
29,2,3,31,3,5,continuous,0,continuous_scalar,0.11364897202732896,0.6838235294117647,0.0194852941176471,0.0009191176470588758
29,2,4,10,1,2,categorical,3,prototype_discretization,0.0837312404698043,0.5101102941176471,0.0,0.0
29,2,5,32,3,6,categorical,2,threshold_binning,0.033809007448008924,0.5569852941176471,0.0514705882352942,0.0
29,2,6,5,0,5,continuous,0,continuous_scalar,0.10946406101123235,0.4724264705882353,-0.026470588235294024,0.0009191176470588758
29,2,7,8,1,0,continuous,0,continuous_scalar,0.026261724220628224,0.4834558823529412,0.0068014705882353255,0.016544117647058876
29,2,8,19,2,1,categorical,4,prototype_discretization,0.04912414242467774,0.7637867647058824,0.08768382352941181,0.046875
29,2,9,22,2,4,continuous,0,continuous_scalar,0.09749005017730705,0.5459558823529411,-0.009742647058823417,-0.013786764705882248
29,2,10,4,0,4,continuous,0,continuous_scalar,0.1063155829125502,0.5597426470588236,0.018566176470588246,-0.013786764705882248
29,2,11,9,1,1,continuous,0,continuous_scalar,0.10926154625128555,0.6691176470588236,-0.01102941176470582,0.03125
29,2,12,11,1,3,continuous,0,continuous_scalar,0.09729498555906099,0.6066176470588236,0.03308823529411773,0.03125
29,2,13,0,0,0,continuous,0,continuous_scalar,0.02773445314510522,0.3961397058823529,-0.0409926470588234,-0.028492647058823373
29,2,14,25,2,7,categorical,4,prototype_discretization,0.020287927640490956,0.47702205882352944,0.009926470588235325,-0.02941176470588225
29,2,15,17,1,9,continuous,0,continuous_scalar,0.04055734657821806,0.5009191176470589,-0.009007352941176449,0.03125
30,4,0,31,3,6,continuous,0,continuous_scalar,0.14597385742986094,0.6806818181818182,0.47563131313131307,0.10239898989898977
30,4,1,25,3,0,categorical,2,threshold_binning,0.03437324985572901,0.2625,0.00045454545454539643,0.0
30,4,2,19,2,3,continuous,0,continuous_scalar,0.10505195739794168,0.19936868686868686,0.06646464646464638,0.06161616161616146
30,4,3,2,0,2,continuous,0,continuous_scalar,0.1486244531280753,0.44861111111111107,0.038131313131313106,0.011363636363636243
30,4,4,10,1,2,continuous,0,continuous_scalar,0.029622113026733156,0.2861111111111111,0.010732323232323182,0.0599747474747474
30,4,5,3,0,3,continuous,0,continuous_scalar,0.14057821638239393,0.3089646464646465,0.14765151515151512,0.09154040404040398
30,4,6,1,0,1,continuous,0,continuous_scalar,0.013241267826246461,0.29393939393939394,0.008838383838383822,0.03194444444444433
30,4,7,24,2,8,continuous,0,continuous_scalar,0.12211516584031719,0.33232323232323235,0.005858585858585852,0.011111111111111072
30,4,8,8,1,0,continuous,0,continuous_scalar,0.11370068464593436,0.30732323232323233,0.04255050505050493,0.018308080808080662
30,4,9,4,0,4,continuous,0,continuous_scalar,0.005952062094629169,0.2684343434343434,0.000505050505050475,-0.011363636363636465
30,4,10,7,0,7,continuous,0,continuous_scalar,0.011679052854640964,0.302020202020202,0.026666666666666616,0.02499999999999991
30,4,11,15,1,7,categorical,4,threshold_binning,0.12908791951749785,0.5996212121212121,0.039065656565656456,-0.025252525252525304
31,4,0,2,0,2,categorical,2,threshold_binning,0.04794121583752642,0.325,0.0,0.013636363636363669
31,4,1,11,1,3,continuous,0,continuous_scalar,0.03326558966196295,0.22727272727272727,0.00022727272727269822,-0.025000000000000133
31,4,2,3,0,3,continuous,0,continuous_scalar,0.002499372160938565,0.21704545454545454,0.005454545454545423,-0.036363636363636376
31,4,3,19,2,5,categorical,2,threshold_binning,0.15392693518757397,0.5,0.3425,-0.03409090909090917
31,4,4,29,3,7,continuous,0,continuous_scalar,0.23709654821614998,0.7670454545454546,0.4084090909090909,0.3318181818181818
31,4,5,30,3,8,continuous,0,continuous_scalar,0.02248251077025442,0.3022727272727273,0.007499999999999974,-0.036363636363636376
31,4,6,15,2,1,categorical,2,prototype_discretization,0.04648422548991908,0.2681818181818182,-0.002499999999999991,-0.04886363636363633
31,4,7,25,3,3,continuous,0,continuous_scalar,0.0018663345444615768,0.23863636363636362,0.002727272727272667,-0.02386363636363642
31,4,8,14,2,0,continuous,0,continuous_scalar,0.008247035506533829,0.25113636363636366,-0.012499999999999956,-0.011363636363636465
31,4,9,12,1,4,continuous,0,continuous_scalar,0.1156958576572379,0.27045454545454545,0.02613636363636358,-0.011363636363636465
31,4,10,8,1,0,continuous,0,continuous_scalar,0.11461541290909588,0.2159090909090909,0.005681818181818144,0.013636363636363558
31,4,11,5,0,5,continuous,0,continuous_scalar,0.11936562158945112,0.26477272727272727,0.038181818181818185,0.001136363636363491
31,4,12,23,3,1,categorical,3,threshold_binning,0.09651334046889434,0.3159090909090909,0.019999999999999973,-0.011363636363636465
32,4,0,16,1,8,continuous,0,continuous_scalar,0.0003665456579917743,0.34438131313131315,0.0,0.0
32,4,1,21,2,4,categorical,3,prototype_discretization,0.011922436918293453,0.4318181818181818,0.0,0.0
32,4,2,32,3,5,categorical,4,threshold_binning,0.06701229573413675,0.28361742424242425,0.0,0.0
32,4,3,23,2,6,continuous,0,continuous_scalar,0.14827923416989847,0.9340277777777778,0.009375,0.0
32,4,4,24,2,7,continuous,0,continuous_scalar,0.06126085323133492,0.24510732323232323,0.0,0.0
32,4,5,36,3,9,continuous,0,continuous_scalar,0.1498624925010056,0.9305555555555556,0.013636363636363691,0.0
32,4,6,18,2,1,categorical,5,threshold_binning,0.09858756253987118,0.7263257575757576,0.0,0.0
32,4,7,22,2,5,continuous,0,continuous_scalar,0.05236795499581182,0.28345959595959597,0.0,0.0
32,4,8,26,2,9,continuous,0,continuous_scalar,0.03197450700416434,0.617739898989899,0.0,0.0
32,4,9,8,1,0,continuous,0,continuous_scalar,0.04244000188871501,0.21022727272727273,0.0,0.0
32,4,10,14,1,6,categorical,3,threshold_binning,0.06507510570916589,0.6145833333333334,0.0,0.0
32,4,11,10,1,2,categorical,3,prototype_discretization,0.07222521396376123,0.648989898989899,0.0,0.0
32,4,12,19,2,2,continuous,0,continuous_scalar,0.08759375025908069,0.2204861111111111,0.0,0.0
32,4,13,13,1,5,continuous,0,continuous_scalar,0.02030484553606089,0.8852588383838383,0.0,0.0
32,4,14,15,1,7,categorical,4,prototype_discretization,0.00583123128662556,0.20233585858585856,0.0,0.0
32,4,15,11,1,3,continuous,0,continuous_scalar,0.0848959686040824,0.9234532828282829,0.004166666666666696,0.0
33,4,0,11,1,3,continuous,0,continuous_scalar,0.06510052023962928,0.27136752136752135,0.0037037037037036757,0.03009259259259256
33,4,1,24,3,4,continuous,0,continuous_scalar,0.11220033442407225,0.35986467236467234,0.10975783475783478,-0.026175213675213693
33,4,2,14,2,0,continuous,0,continuous_scalar,0.03520132234104986,0.1718304843304843,0.008333333333333349,-0.01851851851851849
33,4,3,7,0,7,continuous,0,continuous_scalar,0.04820979124916129,0.10487891737891737,0.0018518518518518378,0.03009259259259256
33,4,4,0,0,0,continuous,0,continuous_scalar,0.1021657597683352,0.23219373219373218,0.008333333333333349,0.03009259259259256
33,4,5,2,0,2,continuous,0,continuous_scalar,0.017160288746092104,0.27920227920227914,-0.011111111111111117,0.00925925925925919
33,4,6,1,0,1,continuous,0,continuous_scalar,0.06822814079013677,0.3561253561253561,0.008333333333333349,0.03009259259259256
33,4,7,25,3,5,continuous,0,continuous_scalar,0.06576554847728114,0.4132834757834758,-0.03518518518518519,-0.11342592592592593
33,4,8,13,1,5,continuous,0,continuous_scalar,0.05038936869117331,0.24056267806267806,-0.002314814814814814,0.01157407407407407
33,4,9,22,3,2,categorical,2,prototype_discretization,0.034380046152595246,0.30128205128205127,0.030911680911680894,0.0023148148148147696
33,4,10,20,3,0,continuous,0,continuous_scalar,0.008277606542103098,0.27777777777777773,0.013710826210826199,-0.04629629629629628
33,4,11,15,2,1,continuous,0,continuous_scalar,0.09669542181179429,0.3730413105413105,0.13707264957264959,0.07086894586894588
33,4,12,6,0,6,continuous,0,continuous_scalar,0.11021076937063357,0.31534900284900286,0.03842592592592593,-0.04629629629629628
33,4,13,4,0,4,categorical,4,prototype_discretization,0.07373043984363349,0.468482905982906,0.0461182336182336,0.04700854700854695
33,4,14,17,2,3,continuous,0,continuous_scalar,0.11228464155230912,0.4887820512820513,0.09230769230769229,0.02314814814814814
34,4,0,0,0,0,continuous,0,continuous_scalar,0.053238580637312814,0.3245320855614973,0.012045454545454515,0.02720588235294119
34,4,1,30,3,5,continuous,0,continuous_scalar,0.14265374228999558,0.5078208556149733,0.02720588235294117,0.02720588235294119
34,4,2,17,2,1,categorical,2,prototype_discretization,0.005785346117431923,0.2580213903743315,0.011363636363636354,0.026069518716577478
34,4,3,27,3,2,continuous,0,continuous_scalar,0.02965174617486201,0.30768716577540106,0.045788770053475925,0.012499999999999956
34,4,4,12,1,4,categorical,2,threshold_binning,0.08562012856868677,0.4852941176470588,0.032352941176470564,0.02386363636363631
34,4,5,21,2,5,categorical,4,threshold_binning,0.12135406001456862,0.5329545454545455,0.038556149732620316,0.011363636363636354
34,4,6,26,3,1,continuous,0,continuous_scalar,0.16426591868437315,0.6766042780748663,0.15772727272727274,0.055548128342245984
34,4,7,9,1,1,continuous,0,continuous_scalar,0.10535170514694882,0.2927139037433155,0.01315508021390377,0.0022058823529411686
34,4,8,10,1,2,continuous,0,continuous_scalar,0.013145359372197636,0.23001336898395724,0.014705882352941124,0.02720588235294119
34,4,9,3,0,3,categorical,4,threshold_binning,0.13804220741662976,0.4435828877005348,0.0,0.0
34,4,10,15,1,7,continuous,0,continuous_scalar,0.05253845199126471,0.23255347593582887,0.01831550802139035,0.02720588235294119
34,4,11,6,0,6,categorical,3,threshold_binning,0.08835275358572821,0.39939839572192515,0.022914438502673808,0.02386363636363631
35,2,0,4,0,4,continuous,0,continuous_scalar,0.0003075901514695477,0.5245535714285714,0.0,0.0
35,2,1,0,0,0,continuous,0,continuous_scalar,0.16325218382697745,0.6986607142857143,0.0,0.0
35,2,2,5,0,5,continuous,0,continuous_scalar,0.00589859881733002,0.4330357142857143,0.0,0.0
35,2,3,17,2,0,continuous,0,continuous_scalar,0.15940841749835052,0.8504464285714286,0.00625,0.0
35,2,4,11,1,3,categorical,2,threshold_binning,0.0037445949777237214,0.5178571428571428,0.0,0.0
35,2,5,20,2,3,continuous,0,continuous_scalar,0.018220464513069547,0.4754464285714286,0.0,0.0
35,2,6,3,0,3,categorical,3,prototype_discretization,0.08326029088671094,0.6495535714285714,0.0,0.0
35,2,7,22,2,5,continuous,0,continuous_scalar,0.10666609125166251,0.5513392857142857,0.0,0.0
35,2,8,21,2,4,categorical,2,threshold_binning,0.043123710673688066,0.8950892857142857,0.003125,0.0
35,2,9,27,3,2,continuous,0,continuous_scalar,0.15377458448730832,0.984375,0.16785714285714284,0.0
35,2,10,29,3,4,continuous,0,continuous_scalar,0.017710544812425483,0.5982142857142857,0.0,0.0
35,2,11,30,3,5,continuous,0,continuous_scalar,0.08690292433139514,0.9330357142857143,0.0,0.0
35,2,12,7,0,7,continuous,0,continuous_scalar,0.004135467382952282,0.49776785714285715,0.0,0.0
35,2,13,23,2,6,continuous,0,continuous_scalar,0.004093249286903872,0.6004464285714286,0.0,0.0
35,2,14,12,1,4,categorical,5,prototype_discretization,0.14950128710203256,0.8950892857142857,0.0,0.0
36,4,0,19,2,1,continuous,0,continuous_scalar,0.1532030805925351,0.36519607843137253,0.043090569561157734,-0.023809523809523836
36,4,1,11,1,3,categorical,2,prototype_discretization,0.09014683185584896,0.29166666666666663,0.0023809523809523283,-0.01388888888888884
36,4,2,1,0,1,continuous,0,continuous_scalar,0.16509598449547627,0.5871848739495799,-0.0015873015873016482,-0.02777777777777779
36,4,3,28,3,0,categorical,3,threshold_binning,0.06080081908260133,0.34325396825396826,0.025396825396825327,0.017857142857142794
36,4,4,23,2,5,categorical,2,prototype_discretization,0.09789912924360761,0.5,-0.0064892623716153565,-0.01388888888888884
36,4,5,17,1,9,continuous,0,continuous_scalar,0.07539212245110084,0.29014939309056953,-0.009523809523809556,0.003968253968253954
36,4,6,31,3,3,categorical,3,prototype_discretization,0.04451923289786844,0.2496498599439776,-0.019444444444444486,-0.02777777777777779
36,4,7,21,2,3,continuous,0,continuous_scalar,0.06817986143564872,0.21638655462184875,-0.013095238095238115,0.01388888888888884
36,4,8,10,1,2,continuous,0,continuous_scalar,0.16365726525724367,0.5390989729225023,0.08692810457516334,0.0031512605042016695
36,4,9,18,2,0,continuous,0,continuous_scalar,0.016208655989319316,0.49031279178338005,-0.011811391223155976,0.0
36,4,10,27,2,9,continuous,0,continuous_scalar,0.02763500146163872,0.3167600373482726,0.02847805788982256,-0.02777777777777779
36,4,11,9,1,1,continuous,0,continuous_scalar,0.03726201523711103,0.2913165266106443,0.0,-0.01388888888888884
37,3,0,10,1,2,categorical,4,threshold_binning,0.11898652435542174,0.48963317384370014,0.02456140350877194,0.037480063795853336
37,3,1,22,2,7,continuous,0,continuous_scalar,0.156515320469791,0.583732057416268,0.06012759170653912,0.052631578947368474
37,3,2,29,3,6,continuous,0,continuous_scalar,0.047400283427904394,0.43460925039872406,0.007017543859649145,0.0
37,3,3,30,3,7,continuous,0,continuous_scalar,0.07829613187167843,0.3716108452950558,0.052631578947368494,0.01754385964912286
37,3,4,20,2,5,continuous,0,continuous_scalar,0.03566170235770536,0.39952153110047844,-0.007017543859649011,-0.01754385964912264
37,3,5,23,3,0,continuous,0,continuous_scalar,0.11551000428471,0.40988835725677825,0.07368421052631587,-0.01754385964912286
37,3,6,27,3,4,continuous,0,continuous_scalar,0.08957598036607785,0.27910685805422647,-0.0116427432216905,-0.015151515151515138
37,3,7,18,2,3,continuous,0,continuous_scalar,0.06090597540537274,0.3293460925039872,-0.007017543859649056,0.0
37,3,8,9,1,1,continuous,0,continuous_scalar,0.10475769582515747,0.26634768740031894,0.009888357256778368,0.0023923444976077235
37,3,9,24,3,1,continuous,0,continuous_scalar,0.14491436288470774,0.6586921850079744,0.2877192982456141,0.08771929824561409
37,3,10,1,0,1,continuous,0,continuous_scalar,0.04747601875147328,0.38197767145135564,-0.01754385964912277,0.0
38,2,0,32,3,6,categorical,2,threshold_binning,0.1309747625196583,0.9545454545454546,0.2869047619047619,0.0
38,2,1,27,3,1,continuous,0,continuous_scalar,0.08661346456751269,0.6093073593073594,0.0,0.0
38,2,2,13,1,5,continuous,0,continuous_scalar,0.05858104347327531,0.4897186147186147,0.0,0.0
38,2,3,7,0,7,categorical,2,threshold_binning,0.0891325858259315,0.7224025974025974,0.013744588744588703,0.0
38,2,4,20,2,4,continuous,0,continuous_scalar,0.15898915125949556,0.7483766233766234,0.11623376623376622,0.030303030303030276
38,2,5,4,0,4,continuous,0,continuous_scalar,0.10053784093279845,0.512987012987013,0.0030303030303030277,0.0
38,2,6,14,1,6,continuous,0,continuous_scalar,0.15752991973221805,0.6190476190476191,0.0,0.0
38,2,7,10,1,2,categorical,2,threshold_binning,0.06144345382410029,0.5925324675324675,0.0,0.0
38,2,8,17,2,1,continuous,0,continuous_scalar,0.15619777786500982,0.6601731601731602,0.0030303030303030277,0.0
39,3,0,7,0,7,continuous,0,continuous_scalar,0.03599626486595072,0.40370370370370373,-0.009999999999999964,-0.011111111111111072
39,3,1,17,2,3,continuous,0,continuous_scalar,5.706976182831437e-05,0.3925925925925926,-0.02333333333333325,-0.0277777777777779
39,3,2,1,0,1,categorical,2,prototype_discretization,0.08652378367334176,0.5055555555555555,-0.008888888888888858,0.0
39,3,3,26,3,3,continuous,0,continuous_scalar,0.00012931810639650715,0.3944444444444444,-0.0033333333333333214,-0.005555555555555536
39,3,4,29,3,6,continuous,0,continuous_scalar,0.03759713686249009,0.6370370370370371,-0.01888888888888891,-0.016666666666666607
39,3,5,18,2,4,categorical,2,prototype_discretization,0.027157022542143784,0.5203703703703704,-0.01333333333333333,-0.0277777777777779
39,3,6,25,3,2,categorical,2,prototype_discretization,0.03800031043581505,0.4166666666666667,0.0,-0.016666666666666607
39,3,7,11,1,3,continuous,0,continuous_scalar,0.15489253291141858,0.762962962962963,-0.01555555555555559,-0.016666666666666607
39,3,8,9,1,1,continuous,0,continuous_scalar,7.258386678445495e-05,0.35555555555555557,-0.01777777777777776,-0.016666666666666607
39,3,9,23,3,0,continuous,0,continuous_scalar,0.15712215386622172,0.9629629629629629,-0.025185185185185244,0.0
39,3,10,28,3,5,continuous,0,continuous_scalar,0.014393971677033528,0.5925925925925926,-0.022222222222222275,-0.03888888888888897
39,3,11,12,1,4,continuous,0,continuous_scalar,0.12064965741701866,0.4296296296296296,-0.014444444444444482,-0.005555555555555536
39,3,12,10,1,2,categorical,2,prototype_discretization,0.008794499488631575,0.5925925925925926,-0.004444444444444429,0.0
39,3,13,19,2,5,continuous,0,continuous_scalar,0.158773376692126,0.9092592592592593,-0.018888888888888955,-0.022222222222222365
39,3,14,0,0,0,continuous,0,continuous_scalar,0.1578316407405771,0.7537037037037037,-0.014444444444444437,-0.016666666666666607
39,3,15,20,2,6,continuous,0,continuous_scalar,0.0020086770922221465,0.7388888888888889,-0.011111111111111117,0.0
40,2,0,21,2,7,continuous,0,continuous_scalar,0.042477387693701366,0.4174418604651162,-0.011627906976744207,0.0
40,2,1,27,3,5,continuous,0,continuous_scalar,0.14978834211925748,0.8019379844961241,0.11341085271317827,0.0
40,2,2,7,0,7,categorical,2,prototype_discretization,0.0010982028434330057,0.40271317829457365,-0.004651162790697683,0.01666666666666672
40,2,3,16,2,2,categorical,3,prototype_discretization,0.01221609984705631,0.6422480620155039,0.0,0.0
40,2,4,3,0,3,continuous,0,continuous_scalar,0.19553493239723388,0.7352713178294574,0.03674418604651164,0.01666666666666672
40,2,5,25,3,3,continuous,0,continuous_scalar,0.08049489491765094,0.6069767441860465,0.0,0.0
40,2,6,4,0,4,continuous,0,continuous_scalar,0.11376424052262166,0.5790697674418605,-0.006976744186046502,0.0
40,2,7,23,3,1,continuous,0,continuous_scalar,0.1597766417504281,0.8670542635658915,0.19232558139534883,0.01666666666666672
40,2,8,28,3,6,continuous,0,continuous_scalar,0.04661268023156427,0.5174418604651163,0.0033333333333333435,0.01666666666666672
40,2,9,12,1,4,continuous,0,continuous_scalar,0.198236577677053,0.8251937984496125,0.002713178294573648,0.01666666666666672
41,2,0,4,0,4,continuous,0,continuous_scalar,0.02597694509914961,0.5732600732600732,0.0,0.012820512820512886
41,2,1,14,1,6,categorical,5,prototype_discretization,0.11828977257670904,0.8772893772893773,0.007692307692307732,0.012820512820512886
41,2,2,13,1,5,categorical,2,prototype_discretization,0.0017790979634407145,0.532967032967033,0.0,0.0
41,2,3,18,2,0,continuous,0,continuous_scalar,0.11587884409879096,0.6932234432234432,0.008699633699633735,0.0
41,2,4,30,3,6,continuous,0,continuous_scalar,0.11186008288680435,0.7060439560439561,0.03580586080586081,0.0
41,2,5,11,1,3,continuous,0,continuous_scalar,0.0023223042401580196,0.38369963369963367,0.0,0.012820512820512886
41,2,6,29,3,5,categorical,3,prototype_discretization,0.09214246119851693,0.5773809523809523,0.020054945054945074,-0.005036630036630019
41,2,7,2,0,2,continuous,0,continuous_scalar,0.0023872940284591017,0.3708791208791209,0.0,0.0
41,2,8,22,2,4,continuous,0,continuous_scalar,0.12438547755025943,0.7825091575091575,0.07554945054945057,0.0
41,2,9,25,3,1,categorical,4,threshold_binning,0.05266169107482589,0.5801282051282051,0.03076923076923077,0.038461538461538436
41,2,10,12,1,4,categorical,2,prototype_discretization,0.04286063158730521,0.5728021978021978,0.0,0.0
41,2,11,26,3,2,continuous,0,continuous_scalar,0.00019180537333001463,0.44780219780219777,0.0,0.0
41,2,12,6,0,6,continuous,0,continuous_scalar,0.008424247789624405,0.5476190476190476,0.0,0.0
41,2,13,27,3,3,continuous,0,continuous_scalar,0.08514269706994762,0.7518315018315018,0.014285714285714301,0.0
41,2,14,10,1,2,continuous,0,continuous_scalar,0.09444987519753932,0.6163003663003663,0.016941391941391992,0.012820512820512886
41,2,15,24,3,0,continuous,0,continuous_scalar,0.12124677226513937,0.8003663003663004,0.038278388278388295,0.0
42,3,0,30,3,5,continuous,0,continuous_scalar,0.0954508078665113,0.4702614379084968,0.011111111111111027,0.011111111111111072
42,3,1,27,3,2,categorical,5,prototype_discretization,0.01243402467111851,0.2584967320261438,0.0,-0.01666666666666672
42,3,2,19,2,4,continuous,0,continuous_scalar,0.11824081060733004,0.33137254901960783,0.01222222222222218,-0.01666666666666672
42,3,3,28,3,3,continuous,0,continuous_scalar,0.12017382559592574,0.7166666666666667,0.4437254901960784,0.18169934640522878
42,3,4,8,1,0,categorical,3,threshold_binning,0.00016344734617017946,0.3666666666666667,0.0,-0.01666666666666672
42,3,5,24,2,9,categorical,5,prototype_discretization,0.09121555227866983,0.5111111111111111,0.00888888888888879,-0.0277777777777779
42,3,6,20,2,5,categorical,4,prototype_discretization,0.012887837617161621,0.3058823529411765,0.0,-0.01666666666666672
42,3,7,0,0,0,continuous,0,continuous_scalar,0.08274120733978556,0.2477124183006536,-0.004444444444444473,0.0
42,3,8,3,0,3,continuous,0,continuous_scalar,0.12220802736887855,0.434640522875817,-0.010000000000000031,-0.01666666666666672
42,3,9,11,1,3,categorical,4,threshold_binning,0.07864602008895169,0.5137254901960784,0.022222222222222143,0.0
42,3,10,12,1,4,continuous,0,continuous_scalar,0.08239142250546073,0.45359477124183006,-0.0033333333333333435,-0.01666666666666672
42,3,11,16,2,1,continuous,0,continuous_scalar,0.1296167703689786,0.4954248366013072,0.0033333333333333214,-0.005555555555555536
42,3,12,6,0,6,categorical,3,threshold_binning,0.05383024634505766,0.4009803921568627,-0.004444444444444473,-0.01666666666666672
43,4,0,18,2,4,continuous,0,continuous_scalar,0.015442407888536711,0.22759395424836604,-0.015882352941176413,-0.014705882352941124
43,4,1,24,3,2,continuous,0,continuous_scalar,0.07584851345274975,0.31345996732026143,0.03553513071895427,0.04513888888888895
43,4,2,2,0,2,continuous,0,continuous_scalar,0.012765048936493164,0.15002042483660133,-0.016666666666666607,-0.016666666666666607
43,4,3,7,0,7,continuous,0,continuous_scalar,0.1519166314012924,0.6526143790849674,0.01828431372549024,0.017585784313725483
43,4,4,5,0,5,continuous,0,continuous_scalar,0.10310701620995906,0.27318218954248363,0.046437908496732086,0.031372549019607954
43,4,5,20,2,6,continuous,0,continuous_scalar,0.16414370428558275,0.5862949346405228,0.02622549019607847,-0.012745098039215641
43,4,6,25,3,3,continuous,0,continuous_scalar,0.14720391273162586,0.5281862745098038,0.057303921568627514,0.03229166666666661
43,4,7,15,2,1,categorical,3,threshold_binning,0.07068281315205424,0.4222222222222222,0.05676470588235298,-0.014705882352941124
43,4,8,3,0,3,continuous,0,continuous_scalar,0.08427694189880515,0.299468954248366,0.02076797385620919,0.027553104575163467
43,4,9,10,1,2,continuous,0,continuous_scalar,0.023578030340201537,0.20386029411764706,-0.009215686274509772,0.014705882352941124
43,4,10,8,1,0,continuous,0,continuous_scalar,0.15103497970269936,0.6852532679738562,-0.012156862745097996,0.017585784313725483
44,4,0,3,0,3,continuous,0,continuous_scalar,0.11463006998350808,0.2952569169960474,0.012658102766798374,-0.03170289855072472
44,4,1,17,2,1,continuous,0,continuous_scalar,0.046793516560393766,0.28430500658761526,0.015833333333333345,0.04836956521739133
44,4,2,22,3,0,categorical,5,prototype_discretization,0.07123758557352847,0.4049242424242424,0.05377140974967065,0.083596837944664
44,4,3,10,1,2,continuous,0,continuous_scalar,0.08512976904565174,0.25423254281949936,0.11275691699604742,0.04836956521739133
44,4,4,2,0,2,continuous,0,continuous_scalar,0.023405680120987534,0.19718379446640316,0.013985507246376771,0.05833333333333335
44,4,5,25,3,3,continuous,0,continuous_scalar,0.059587800819748106,0.1342391304347826,0.0739361001317523,0.04708498023715413
44,4,6,1,0,1,continuous,0,continuous_scalar,0.10655566385044643,0.3063076416337286,0.04409090909090909,-0.010869565217391353
44,4,7,28,3,6,continuous,0,continuous_scalar,0.0211635398035117,0.3809288537549407,0.08935441370223976,0.03749999999999998
44,4,8,9,1,1,categorical,2,prototype_discretization,0.04949969876368065,0.23674242424242425,0.0053030303030302765,0.022727272727272707
44,4,9,8,1,0,continuous,0,continuous_scalar,0.12305963508817842,0.3381258234519104,0.07771739130434781,0.012499999999999956
44,4,10,29,3,7,categorical,3,threshold_binning,0.07834106947804192,0.43636363636363634,0.13187417654808956,0.06014492753623191
44,4,11,23,3,1,continuous,0,continuous_scalar,0.10070683834518475,0.5768280632411067,0.31085638998682474,0.09700263504611328
44,4,12,6,0,6,continuous,0,continuous_scalar,0.11988913256713844,0.28521080368906454,0.05147891963109348,0.005797101449275366
45,3,0,21,2,6,continuous,0,continuous_scalar,0.08622294328066507,0.401828631138976,-0.008986415882967603,0.0
45,3,1,27,3,3,continuous,0,continuous_scalar,0.06992372366909946,0.27251828631138975,-0.009822361546499469,-0.015151515151515138
45,3,2,29,3,5,continuous,0,continuous_scalar,0.11060568849119326,0.7106583072100313,0.22504702194357362,0.0929467084639497
45,3,3,7,0,7,categorical,3,prototype_discretization,0.04338037856761843,0.3708463949843261,0.011494252873563227,0.026645768025078342
45,3,4,12,1,4,categorical,3,prototype_discretization,0.05028350060640341,0.3025078369905956,0.003866248693834895,0.011494252873563204
45,3,5,9,1,1,continuous,0,continuous_scalar,0.08416930615976703,0.348171368861024,0.01212121212121211,0.0
45,3,6,32,3,8,continuous,0,continuous_scalar,0.09318797595553832,0.3231452455590387,0.05236154649947753,0.02147335423197494
45,3,7,4,0,4,continuous,0,continuous_scalar,0.07594869358204034,0.4312434691745037,0.003866248693834895,0.011494252873563204
45,3,8,2,0,2,continuous,0,continuous_scalar,0.08500470121501255,0.3461337513061651,0.008463949843260177,0.0
45,3,9,22,2,7,continuous,0,continuous_scalar,0.06929172009347885,0.46724137931034476,0.019122257053291514,0.011494252873563204
45,3,10,13,1,5,categorical,6,prototype_discretization,0.07963959606580318,0.3716300940438872,-0.015151515151515138,-0.018808777429467072
45,3,11,15,2,0,categorical,4,threshold_binning,0.08949210684249752,0.665987460815047,0.10828631138975961,0.0066875653082549835
45,3,12,31,3,7,continuous,0,continuous_scalar,0.06284966547088258,0.42126436781609194,0.01755485893416926,-0.0036572622779519337
46,4,0,22,2,6,categorical,2,threshold_binning,0.09441933152495398,0.29545454545454547,0.027705627705627657,-0.0005952380952380931
46,4,1,24,3,0,categorical,2,prototype_discretization,0.1518728968472165,0.3181818181818182,0.1552164502164502,0.0
46,4,2,19,2,3,continuous,0,continuous_scalar,0.28778948009360017,0.661038961038961,0.37995670995670994,0.29182900432900427
46,4,3,25,3,1,continuous,0,continuous_scalar,0.12960639173368171,0.258982683982684,0.09293290043290041,0.08463203463203461
46,4,4,12,1,4,categorical,4,prototype_discretization,0.03173373147202683,0.3012987012987013,0.018614718614718574,0.0004870129870129247
46,4,5,27,3,3,continuous,0,continuous_scalar,0.16880371431839208,0.3055194805194805,0.23096320346320348,0.08403679653679652
46,4,6,29,3,5,continuous,0,continuous_scalar,0.030644337192804183,0.33966450216450217,0.017023809523809462,0.001677489177489111
46,4,7,18,2,2,categorical,3,prototype_discretization,0.0966461336797616,0.4102272727272728,0.055541125541125516,-0.010822510822510845
46,4,8,1,0,1,categorical,4,threshold_binning,0.008483983137562968,0.29004329004329005,0.04189393939393933,0.001677489177489111
47,2,0,0,0,0,continuous,0,continuous_scalar,0.06075804091499185,0.46153846153846156,0.0,0.0
47,2,1,13,1,5,categorical,4,prototype_discretization,0.03143803543937184,0.5263157894736843,-0.019230769230769162,-0.019230769230769162
47,2,2,4,0,4,continuous,0,continuous_scalar,0.015007223920750915,0.513157894736842,0.0,0.0
47,2,3,9,1,1,continuous,0,continuous_scalar,0.0537709688739202,0.6174089068825911,-0.005060728744939213,-0.019230769230769162
47,2,4,15,1,7,categorical,3,prototype_discretization,0.08841401066835412,0.7105263157894737,-0.0024291497975708065,0.0
47,2,5,10,1,2,continuous,0,continuous_scalar,0.08829236236973174,0.708502024291498,0.0,-0.019230769230769162
47,2,6,7,0,7,continuous,0,continuous_scalar,0.049784915090629926,0.5020242914979758,-0.0038461538461538325,0.0
47,2,7,29,3,1,continuous,0,continuous_scalar,0.11953290652743552,0.9483805668016194,0.29534412955465594,0.013157894736842257
47,2,8,26,2,8,continuous,0,continuous_scalar,0.05497712162549595,0.4423076923076923,-0.0038461538461538325,0.0
47,2,9,1,0,1,continuous,0,continuous_scalar,0.11746727655129677,0.6508097165991903,0.0,0.0
47,2,10,25,2,7,continuous,0,continuous_scalar,0.05468081237433281,0.5597165991902835,-0.0038461538461538325,0.0
47,2,11,33,3,5,continuous,0,continuous_scalar,0.010611298506517175,0.7135627530364372,0.0,0.0
47,2,12,32,3,4,continuous,0,continuous_scalar,0.06409567676127369,0.5779352226720648,0.0,0.0
47,2,13,14,1,6,categorical,4,prototype_discretization,0.0178932534350099,0.48785425101214575,0.0,-0.019230769230769162
47,2,14,8,1,0,continuous,0,continuous_scalar,0.09736026616964283,0.6244939271255061,-0.017611336032388625,-0.019230769230769162
47,2,15,17,1,9,continuous,0,continuous_scalar,0.07591583077124475,0.4817813765182186,-0.0038461538461538325,0.0
48,4,0,0,0,0,categorical,4,threshold_binning,0.07527383297258859,0.26026785714285716,0.01749999999999996,0.012499999999999956
48,4,1,18,2,1,continuous,0,continuous_scalar,0.11127765722627214,0.2671914160401002,0.018869047619047574,0.0
48,4,2,21,2,4,continuous,0,continuous_scalar,0.23998459768813094,0.5602286967418546,0.06874999999999995,0.03749999999999998
48,4,3,22,2,5,continuous,0,continuous_scalar,0.12806695657488934,0.6609492481203008,0.05551065162907261,0.04880952380952375
48,4,4,32,3,8,continuous,0,continuous_scalar,0.00044705802748363555,0.5615679824561404,-0.006250000000000022,0.0
48,4,5,10,1,2,categorical,4,threshold_binning,0.21801041020343861,0.6579730576441103,0.043291040100250554,-0.028125000000000067
48,4,6,7,0,7,categorical,2,threshold_binning,0.14606676575745056,0.484375,0.012023809523809437,0.0
48,4,7,17,2,0,continuous,0,continuous_scalar,0.0808727215497462,0.2833724937343358,0.08249999999999995,0.043749999999999956
49,2,0,19,2,3,continuous,0,continuous_scalar,0.021903760984817073,0.440359477124183,-0.028267973856209095,-0.04166666666666652
49,2,1,14,1,6,continuous,0,continuous_scalar,0.27552937239797876,0.8145424836601307,0.20473856209150335,0.11192810457516345
49,2,2,0,0,0,categorical,3,threshold_binning,0.05397232604341804,0.451797385620915,-0.008660130718954218,-0.02777777777777768
49,2,3,6,0,6,continuous,0,continuous_scalar,0.11438744992200248,0.6013071895424837,-0.012418300653594727,-0.028594771241829964
49,2,4,21,2,5,continuous,0,continuous_scalar,0.1237406674157973,0.4722222222222222,-0.03741830065359473,-0.014705882352941124
49,2,5,25,3,1,categorical,2,prototype_discretization,0.05028323172031672,0.5669934640522876,-0.0063725490196078205,-0.028594771241829964
49,2,6,23,2,7,categorical,3,threshold_binning,0.09977334861156562,0.7916666666666667,0.1439542483660131,-0.01388888888888884
49,2,7,17,2,1,continuous,0,continuous_scalar,0.07518264969558071,0.5016339869281046,-0.008333333333333304,-0.01388888888888884
49,2,8,8,1,0,continuous,0,continuous_scalar,0.10545841450544491,0.45669934640522875,-0.0320261437908496,-0.0433006535947712
49,2,9,18,2,2,continuous,0,continuous_scalar,0.07976877870307841,0.602124183006536,-0.00245098039215681,0.0008169934640522847
50,2,0,4,0,4,continuous,0,continuous_scalar,0.007111421007473915,0.5358952702702703,0.008952702702702698,0.0
50,2,1,2,0,2,continuous,0,continuous_scalar,0.23537951367774032,0.7356418918918919,0.08412162162162165,0.0
50,2,2,27,3,3,continuous,0,continuous_scalar,0.2166722131370235,0.8407939189189189,0.225,0.058277027027027084
50,2,3,5,0,5,continuous,0,continuous_scalar,0.1711903384476132,0.6169763513513513,0.10067567567567567,0.015625
50,2,4,30,3,6,continuous,0,continuous_scalar,0.15873961268611092,0.7512668918918919,0.03741554054054057,-0.013513513513513487
50,2,5,29,3,5,continuous,0,continuous_scalar,0.00478248607708298,0.43074324324324326,0.00625,0.013513513513513487
50,2,6,32,3,8,continuous,0,continuous_scalar,0.12084913822755103,0.5983952702702703,0.015202702702702697,0.044763513513513487
50,2,7,33,3,9,continuous,0,continuous_scalar,0.08527527673940415,0.5764358108108107,0.001266891891891908,-0.013513513513513487
51,3,0,22,2,4,categorical,2,prototype_discretization,0.08784369895981076,0.48774509803921573,0.027083333333333327,-0.02083333333333337
51,3,1,6,0,6,categorical,4,prototype_discretization,0.15744937943600257,0.3370098039215686,0.0023284313725489892,0.009191176470588203
51,3,2,28,3,3,continuous,0,continuous_scalar,0.2228926103016585,0.7144607843137255,0.19730392156862736,0.049632352941176294
51,3,3,20,2,2,categorical,5,threshold_binning,0.14188957219240003,0.5986519607843137,0.04166666666666667,-0.01041666666666663
51,3,4,30,3,5,categorical,2,prototype_discretization,0.006696168612136756,0.3958333333333333,-0.011519607843137302,0.01041666666666663
51,3,5,3,0,3,continuous,0,continuous_scalar,0.20337511735340244,0.6881127450980392,0.02475490196078427,-0.01041666666666663
51,3,6,23,2,5,continuous,0,continuous_scalar,0.022158383683494473,0.33762254901960786,-0.00882352941176472,0.01041666666666663
51,3,7,19,2,1,continuous,0,continuous_scalar,0.15769506946109452,0.49938725490196073,0.15882352941176464,0.04289215686274506
52,3,0,6,0,6,categorical,3,threshold_binning,0.11271506432485771,0.4688191065900044,0.02038429406850466,0.009803921568627416
52,3,1,4,0,4,continuous,0,continuous_scalar,0.15396056519883525,0.47063737775812076,0.04504889675168315,-0.007739938080495334
52,3,2,19,2,2,continuous,0,continuous_scalar,0.17635796249133986,0.6321686569364587,0.12431077694235589,0.015873015873015928
52,3,3,0,0,0,categorical,3,threshold_binning,0.03791457347046481,0.2910216718266254,0.02446311858076562,0.009803921568627416
52,3,4,21,2,4,categorical,5,threshold_binning,0.12897529138949107,0.4932429111995676,0.10756302521008398,0.013538748832866432
52,3,5,15,1,7,continuous,0,continuous_scalar,0.15423708878207046,0.5223843923534326,0.03586908447589563,0.009803921568627416
52,3,6,10,1,2,categorical,2,threshold_binning,0.07640148672118617,0.38763575605680867,0.011951447245564895,0.0
52,3,7,29,3,2,continuous,0,continuous_scalar,0.15943796762175466,0.6206938915917245,0.10531721460514028,-0.009803921568627416
53,2,0,30,3,6,continuous,0,continuous_scalar,0.12707127600758172,0.5544444444444444,0.1080000000000001,0.020000000000000018
53,2,1,27,3,3,continuous,0,continuous_scalar,0.10061162757920324,0.4455555555555556,0.0517777777777779,0.007777777777777883
53,2,2,19,2,3,categorical,2,prototype_discretization,0.055856148179519255,0.5527777777777778,0.00555555555555558,0.03388888888888897
53,2,3,12,1,4,continuous,0,continuous_scalar,0.0041037074464513774,0.3838888888888889,0.00555555555555558,0.020000000000000018
53,2,4,11,1,3,continuous,0,continuous_scalar,0.11669626422463439,0.5533333333333333,-0.007999999999999962,0.020000000000000018
53,2,5,10,1,2,continuous,0,continuous_scalar,0.10148967283317982,0.4872222222222222,0.020666666666666743,0.03388888888888897
53,2,6,26,3,2,continuous,0,continuous_scalar,0.17149794882450814,0.6777777777777778,0.12255555555555561,0.06166666666666676
53,2,7,15,1,7,continuous,0,continuous_scalar,0.0003164698898049949,0.5272222222222223,0.006777777777777794,0.020000000000000018
53,2,8,24,3,0,continuous,0,continuous_scalar,0.12387115138293787,0.7011111111111111,0.3044444444444445,0.3144444444444445
53,2,9,4,0,4,continuous,0,continuous_scalar,0.1984857336321792,0.616111111111111,0.053888888888888965,0.020000000000000018
54,4,0,25,3,0,continuous,0,continuous_scalar,0.12767814231369046,0.4168291140907774,0.3663029161507863,0.40771449645688995
54,4,1,11,1,3,categorical,3,threshold_binning,0.12490450274325367,0.43907563025210083,0.07542214377914173,-0.00608519269776886
54,4,2,12,1,4,continuous,0,continuous_scalar,0.07998158355230843,0.31637074892652983,0.039541239693369444,-0.017857142857142905
54,4,3,16,2,0,categorical,4,prototype_discretization,0.056223470186862155,0.2897249809014515,0.041265377624403965,0.06706224809673089
54,4,4,0,0,0,continuous,0,continuous_scalar,0.061171441421025624,0.21210913832617687,-0.0008732646663681676,0.0
54,4,5,32,3,7,continuous,0,continuous_scalar,0.05004814235356265,0.35038262954084454,0.02092015489581407,0.039369352756776665
54,4,6,21,2,5,continuous,0,continuous_scalar,0.08922223303133607,0.3109013197755591,-0.02201535786728488,-0.03743315508021394
54,4,7,3,0,3,continuous,0,continuous_scalar,0.11141111384658794,0.3597079897789837,0.03657898896235605,0.0005992992808407926
54,4,8,7,0,7,continuous,0,continuous_scalar,0.15432037917583297,0.3608176813044967,0.0926780116435288,-0.0029339321935671903
54,4,9,20,2,4,continuous,0,continuous_scalar,0.14503899137554005,0.3146354152946445,0.08095611285266455,0.016042780748663055
55,3,0,24,3,2,categorical,2,threshold_binning,0.14110998322432683,0.6206896551724138,0.025128205128205128,0.0
55,3,1,15,2,1,continuous,0,continuous_scalar,0.00663796235252123,0.27537577365163574,0.0,0.0
55,3,2,20,2,6,categorical,4,prototype_discretization,0.04296695808121496,0.3019451812555261,0.0,0.0
55,3,3,10,1,2,continuous,0,continuous_scalar,0.008259124280373856,0.29566755083996465,0.0,0.0
55,3,4,9,1,1,categorical,2,prototype_discretization,0.12688626680630427,0.6551724137931035,0.012820512820512952,0.0
55,3,5,19,2,5,continuous,0,continuous_scalar,0.2228835781066917,0.8718832891246683,0.059442970822281185,0.012820512820512997
55,3,6,27,3,5,continuous,0,continuous_scalar,0.02379050825703149,0.6526967285587976,0.019982316534040746,0.02431476569407609
55,3,7,0,0,0,continuous,0,continuous_scalar,0.06040640515490656,0.3290008841732979,0.0,0.0
55,3,8,13,1,5,continuous,0,continuous_scalar,0.05940744276305938,0.412290008841733,0.0025641025641025992,0.0
55,3,9,22,3,0,continuous,0,continuous_scalar,0.059411368795283706,0.4481432360742706,0.0076923076923077986,0.0
55,3,10,4,0,4,continuous,0,continuous_scalar,0.22141820945098303,0.8987621573828471,0.11407603890362512,0.016666666666666607
55,3,11,5,0,5,categorical,4,threshold_binning,0.026822192727302952,0.3831122900088417,0.0,0.0
56,3,0,27,3,2,continuous,0,continuous_scalar,0.18243696519333646,0.5456349206349206,0.28706349206349213,0.3035714285714286
56,3,1,11,1,3,continuous,0,continuous_scalar,0.042657595365252376,0.37857142857142856,0.013333333333333374,0.0
56,3,2,23,2,7,categorical,3,prototype_discretization,0.03352805997968838,0.29523809523809524,-0.012698412698412653,0.0
56,3,3,13,1,5,continuous,0,continuous_scalar,0.18066714911337262,0.6146825396825397,0.043809523809523875,0.0
56,3,4,18,2,2,continuous,0,continuous_scalar,0.006716805297865659,0.39365079365079364,0.0,0.0
56,3,5,22,2,6,continuous,0,continuous_scalar,0.1731354433388254,0.5761904761904763,0.007539682539682601,0.0
56,3,6,5,0,5,continuous,0,continuous_scalar,0.1966350454961616,0.4392857142857143,-0.025396825396825307,0.0
56,3,7,26,3,1,continuous,0,continuous_scalar,0.174617720818326,0.5642857142857143,0.030634920634920636,0.0
56,3,8,30,3,5,categorical,3,threshold_binning,0.009605215397171536,0.35714285714285715,0.0,0.0
57,3,0,32,3,8,categorical,4,prototype_discretization,0.04228719073264509,0.5396825396825397,-0.0034999999999999476,-0.0107936507936508
57,3,1,23,2,5,continuous,0,continuous_scalar,0.12313940349789772,0.32603174603174606,0.17022222222222216,0.18087301587301585
57,3,2,1,0,1,continuous,0,continuous_scalar,0.0780436791635168,0.43702380952380954,-0.006349206349206304,-0.029206349206349236
57,3,3,9,1,1,continuous,0,continuous_scalar,0.14390013731467144,0.5588095238095238,0.023039682539682603,-0.026666666666666616
57,3,4,31,3,7,categorical,4,prototype_discretization,0.06724003720972445,0.604920634920635,-0.006349206349206327,-0.026666666666666616
57,3,5,25,3,1,categorical,2,threshold_binning,0.08858183714717922,0.6349206349206349,0.23261111111111105,0.039999999999999813
57,3,6,20,2,2,continuous,0,continuous_scalar,0.08733734271963857,0.37210317460317466,0.00012698412698413096,0.013333333333333308
57,3,7,22,2,4,continuous,0,continuous_scalar,0.1436632887088356,0.5279365079365079,0.05070634920634922,0.004960317460317443
57,3,8,2,0,2,continuous,0,continuous_scalar,0.14413966752642374,0.5956349206349206,0.043134920634920616,0.0
57,3,9,15,1,7,continuous,0,continuous_scalar,0.08166741597946735,0.3053174603174603,0.001777777777777767,-0.013333333333333197
58,3,0,19,2,3,continuous,0,continuous_scalar,0.11462620632130914,0.43165672065927824,0.030179028132992336,0.01449275362318847
58,3,1,22,2,6,categorical,2,prototype_discretization,0.04314073832132734,0.4365942028985507,0.006699346405228779,0.0
58,3,2,16,2,0,categorical,3,prototype_discretization,0.04259876358989075,0.4317277635691958,0.0470588235294118,0.053708439897698135
58,3,3,10,1,2,continuous,0,continuous_scalar,0.03318771257768247,0.3908780903665814,0.0,0.0
58,3,4,25,3,0,continuous,0,continuous_scalar,0.020958054542753242,0.29550298380221657,0.019607843137254943,0.0
58,3,5,9,1,1,continuous,0,continuous_scalar,0.09819450925676512,0.41023728331912473,0.05877379937482245,-0.02777777777777768
58,3,6,26,3,1,continuous,0,continuous_scalar,0.13059312245536,0.6176825802784882,0.2798238135834044,0.0775788576300086
58,3,7,27,3,2,categorical,3,prototype_discretization,0.058867210351678995,0.42693236714975846,0.11366155157715267,0.0682011935208866
58,3,8,4,0,4,continuous,0,continuous_scalar,0.09749719916461115,0.27443876101165104,0.03921568627450982,0.039215686274509776
58,3,9,13,1,5,continuous,0,continuous_scalar,0.12015619879212806,0.4159562375674908,0.003921568627450989,0.0
58,3,10,20,2,4,categorical,3,threshold_binning,0.04936704227011781,0.5257885763000852,0.0,0.01449275362318847
58,3,11,24,2,8,continuous,0,continuous_scalar,0.12322821341006439,0.37677607274793984,0.046355498721227684,0.053708439897698135
58,3,12,33,3,8,continuous,0,continuous_scalar,0.0675850289463115,0.41144501278772383,0.015515771526001764,0.0
59,2,0,29,3,4,categorical,2,prototype_discretization,0.024429524335086883,0.6404665314401623,0.0,0.0
59,2,1,28,3,3,categorical,2,threshold_binning,0.07613302843753678,0.75,0.10496957403651115,0.017241379310344862
59,2,2,1,0,1,categorical,3,prototype_discretization,0.11043238644017839,0.6044624746450304,0.006896551724137945,0.017241379310344862
59,2,3,4,0,4,categorical,3,threshold_binning,0.09293909502800266,0.6632860040567952,0.0,0.017241379310344862
59,2,4,15,1,7,categorical,3,prototype_discretization,0.13213356853992078,0.7205882352941176,0.027586206896551734,0.017241379310344862
59,2,5,14,1,6,continuous,0,continuous_scalar,0.02817864309251367,0.6069979716024341,0.0034482758620689724,0.0
59,2,6,23,2,6,continuous,0,continuous_scalar,0.1174537615841006,0.670892494929006,0.21947261663286005,0.01977687626774849
59,2,7,6,0,6,continuous,0,continuous_scalar,0.14195401112441647,0.6926977687626774,0.00740365111561867,0.0
59,2,8,32,3,7,continuous,0,continuous_scalar,0.004404058720933552,0.43204868154158216,0.0,0.017241379310344862
59,2,9,26,3,1,continuous,0,continuous_scalar,0.1353437770103921,0.5943204868154158,0.010344827586206917,0.0
59,2,10,21,2,4,continuous,0,continuous_scalar,0.12427123809240509,0.7297160243407708,0.12849898580121705,0.017241379310344862
59,2,11,0,0,0,continuous,0,continuous_scalar,0.012326907594513003,0.46399594320486814,0.010344827586206917,0.017241379310344862
60,2,0,5,0,5,continuous,0,continuous_scalar,0.08751509527962219,0.6541666666666667,0.016666666666666607,-0.01388888888888895
60,2,1,23,3,0,continuous,0,continuous_scalar,0.07681951782709827,0.8013888888888889,0.043888888888888825,0.026388888888888795
60,2,2,18,2,4,continuous,0,continuous_scalar,0.09789884267670064,0.6972222222222222,0.03249999999999993,0.02777777777777768
60,2,3,29,3,6,continuous,0,continuous_scalar,0.03980593725016059,0.7375,-0.011388888888888981,0.012499999999999956
60,2,4,26,3,3,continuous,0,continuous_scalar,0.057392050368607096,0.7208333333333333,0.014166666666666616,-0.012500000000000067
60,2,5,24,3,1,continuous,0,continuous_scalar,0.09084372661568359,0.675,0.018611111111111023,0.012499999999999956
60,2,6,25,3,2,categorical,3,threshold_binning,0.033661010801247296,0.6097222222222223,0.0,0.0
60,2,7,27,3,4,continuous,0,continuous_scalar,0.07595088720098477,0.7916666666666667,-0.01111111111111116,0.0
60,2,8,30,3,7,categorical,4,prototype_discretization,0.06321933241649315,0.5902777777777778,0.03416666666666659,0.040277777777777635
60,2,9,28,3,5,continuous,0,continuous_scalar,0.02569922271663732,0.725,0.026944444444444347,-0.01388888888888895
60,2,10,0,0,0,categorical,2,prototype_discretization,0.010073615456580974,0.4083333333333333,0.0,0.0
60,2,11,12,1,4,continuous,0,continuous_scalar,0.09663710432693409,0.7333333333333334,-0.006111111111111178,-0.01388888888888895
60,2,12,16,2,2,continuous,0,continuous_scalar,0.08048571449026436,0.6736111111111112,-0.01027777777777783,-0.001388888888888995
60,2,13,2,0,2,continuous,0,continuous_scalar,0.08790613085020807,0.525,-0.01027777777777783,-0.01388888888888895
60,2,14,7,0,7,continuous,0,continuous_scalar,0.06418406457506393,0.39166666666666666,0.007499999999999951,0.0
60,2,15,4,0,4,categorical,2,prototype_discretization,0.01190774714771368,0.5180555555555556,0.0,0.0
61,3,0,5,0,5,continuous,0,continuous_scalar,0.10223886902545071,0.466984126984127,0.024455988455988554,-0.015151515151515138
61,3,1,10,1,2,continuous,0,continuous_scalar,0.003467916796830593,0.36383838383838385,-0.00802308802308791,-0.004357864357864227
61,3,2,17,2,3,categorical,2,prototype_discretization,0.023307651419664475,0.33151515151515154,4.4408920985006264e-17,-0.015873015873015817
61,3,3,19,2,5,continuous,0,continuous_scalar,0.09158524135139173,0.4182683982683983,0.08424819624819631,0.07102453102453121
61,3,4,21,3,0,categorical,3,prototype_discretization,0.031146478823871147,0.4163636363636363,-0.002886002886002892,0.0007215007215006786
61,3,5,1,0,1,continuous,0,continuous_scalar,0.04994415071044261,0.3649350649350649,0.0,0.0
61,3,6,9,1,1,continuous,0,continuous_scalar,0.10216267518138225,0.4565367965367965,0.009523809523809624,0.0
61,3,7,22,3,1,categorical,3,prototype_discretization,0.07392339860715219,0.49939393939393945,-0.0031746031746031633,0.0
61,3,8,11,1,3,continuous,0,continuous_scalar,0.08734804674898095,0.33509379509379505,0.0031746031746032522,0.0
61,3,9,24,3,3,continuous,0,continuous_scalar,0.12016554869434182,0.5167965367965367,0.39178643578643585,0.34906204906204913
61,3,10,25,3,4,categorical,3,threshold_binning,0.042498249092172175,0.3054545454545455,-0.006349206349206327,0.01587301587301604
61,3,11,14,2,0,continuous,0,continuous_scalar,0.1020518712824414,0.5228571428571428,0.031076479076479147,0.01333333333333342
61,3,12,18,2,4,continuous,0,continuous_scalar,0.09089581369559957,0.3505050505050505,-0.006349206349206327,0.0
61,3,13,0,0,0,continuous,0,continuous_scalar,0.0792640885702784,0.4089177489177489,0.0031746031746032076,0.0
62,4,0,29,3,3,continuous,0,continuous_scalar,0.1200487291487699,0.5450757575757575,0.08204545454545445,0.002272727272727093
62,4,1,2,0,2,categorical,6,threshold_binning,0.07122308632800235,0.2625,0.003333333333333277,-0.02272727272727293
62,4,2,20,2,3,continuous,0,continuous_scalar,0.054538444483593816,0.2515151515151515,0.004166666666666541,-0.02272727272727293
62,4,3,33,3,7,continuous,0,continuous_scalar,0.14630818962952305,0.6909090909090909,0.07469696969696955,0.04772727272727262
62,4,4,18,2,1,continuous,0,continuous_scalar,0.049942733904484324,0.2515151515151515,0.01992424242424238,0.008333333333333304
62,4,5,22,2,5,continuous,0,continuous_scalar,0.07148645744135025,0.3306818181818182,-0.015378787878788037,0.0
62,4,6,24,2,7,continuous,0,continuous_scalar,0.007382255996839258,0.29583333333333334,0.0,-0.02272727272727293
62,4,7,21,2,4,continuous,0,continuous_scalar,0.027291907508052764,0.20795454545454548,-0.0160606060606062,-0.02272727272727293
62,4,8,4,0,4,categorical,4,threshold_binning,0.008440207687096165,0.3325757575757576,0.0058333333333332685,-0.03295454545454557
62,4,9,1,0,1,continuous,0,continuous_scalar,0.15976499590579296,0.7155303030303031,0.01537878787878777,-0.010227272727272863
62,4,10,23,2,6,continuous,0,continuous_scalar,0.022819573902054163,0.3821969696969697,0.0,-0.010227272727272863
62,4,11,17,2,0,categorical,4,prototype_discretization,0.10152995447355145,0.6859848484848485,0.04696969696969686,0.02083333333333326
62,4,12,12,1,4,continuous,0,continuous_scalar,0.15922346359088954,0.7446969696969696,0.04825757575757565,-0.045454545454545636
63,2,0,8,1,0,continuous,0,continuous_scalar,0.13173436979887282,0.7749999999999999,-0.0033333333333333435,0.0
63,2,1,29,3,5,continuous,0,continuous_scalar,0.10072573733284314,0.7666666666666666,0.02083333333333337,0.0
63,2,2,1,0,1,continuous,0,continuous_scalar,0.12287112781441152,0.7458333333333333,-0.005833333333333313,-0.029166666666666674
63,2,3,4,0,4,continuous,0,continuous_scalar,0.1050372680730973,0.49583333333333335,-0.006666666666666687,0.0
63,2,4,11,1,3,continuous,0,continuous_scalar,0.06392009456711148,0.7541666666666667,0.0,-0.01666666666666672
63,2,5,25,3,1,continuous,0,continuous_scalar,0.11259920480620006,0.7958333333333334,0.05666666666666671,-0.004166666666666652
63,2,6,10,1,2,continuous,0,continuous_scalar,0.10686440399190285,0.6,-0.012499999999999956,-0.012499999999999956
63,2,7,16,2,2,continuous,0,continuous_scalar,0.09765439359414815,0.6083333333333334,-0.02250000000000001,-0.012499999999999956
63,2,8,12,1,4,continuous,0,continuous_scalar,0.07585189560189715,0.4125,-0.013333333333333374,0.0
63,2,9,27,3,3,continuous,0,continuous_scalar,0.08274150441951553,0.4458333333333333,0.009166666666666679,-0.029166666666666674
64,2,0,24,2,8,continuous,0,continuous_scalar,0.007123256801096494,0.4365750528541226,0.0,0.0
64,2,1,32,3,6,categorical,4,prototype_discretization,0.05034029665410647,0.9499647639182522,0.0,0.0
64,2,2,18,2,2,categorical,3,threshold_binning,0.06263732559608105,0.46335447498238197,0.0,0.0
64,2,3,9,1,1,categorical,5,threshold_binning,0.02110181660606522,0.5599013389711064,0.0,0.0
64,2,4,4,0,4,categorical,5,threshold_binning,0.11395557362723797,0.5331219168428472,0.0,0.0
64,2,5,15,1,7,continuous,0,continuous_scalar,0.17924216378002897,0.9464411557434813,0.0,0.0
64,2,6,1,0,1,continuous,0,continuous_scalar,0.1772440275021796,0.8742071881606766,0.0,0.0
64,2,7,8,1,0,continuous,0,continuous_scalar,0.007414199574638962,0.3678646934460888,0.0,0.0
64,2,8,12,1,4,continuous,0,continuous_scalar,0.00031142153859685406,0.4386892177589852,0.0,0.0
64,2,9,25,2,9,continuous,0,continuous_scalar,0.18770069235889433,0.9767441860465116,0.004651162790697683,0.0
64,2,10,30,3,4,continuous,0,continuous_scalar,0.1929292259610741,1.0,0.021423537702607475,0.0
65,4,0,8,1,0,continuous,0,continuous_scalar,0.12178116515509739,0.23185425685425687,0.05630832130832122,0.008597883597883493
65,4,1,15,1,7,categorical,3,prototype_discretization,0.08756232315624338,0.2936147186147186,0.026772486772486715,0.03267195767195763
65,4,2,0,0,0,continuous,0,continuous_scalar,0.12008414859703728,0.2441077441077441,0.0052284752284751605,0.010449735449735376
65,4,3,2,0,2,continuous,0,continuous_scalar,0.08602063877124799,0.21516354016354017,-0.018783068783068856,0.008597883597883493
65,4,4,7,0,7,continuous,0,continuous_scalar,0.10727122995700787,0.2606902356902357,0.061897546897546805,0.008597883597883493
65,4,5,24,3,1,continuous,0,continuous_scalar,0.16946273833496558,0.5672438672438672,0.3544636844636844,0.30644540644540635
65,4,6,21,2,4,continuous,0,continuous_scalar,0.008056082128122593,0.22614237614237612,-0.0042376142376143065,-0.024735449735449833
65,4,7,5,0,5,continuous,0,continuous_scalar,0.15661652884328175,0.24616402116402117,-0.026587301587301694,-0.05066137566137574
65,4,8,18,2,1,continuous,0,continuous_scalar,0.14314514505699616,0.28879268879268877,0.11832130832130824,0.0357142857142857
66,3,0,3,0,3,continuous,0,continuous_scalar,0.08950588681838063,0.3242123877332589,-0.00026525198938993634,-0.029038112522685955
66,3,1,5,0,5,categorical,5,prototype_discretization,0.14773615808306256,0.6554283586951463,0.024263576713667502,-0.012820512820512775
66,3,2,23,3,0,continuous,0,continuous_scalar,0.013984806217907713,0.31260179626785795,-0.01025641025641022,0.0
66,3,3,12,1,4,continuous,0,continuous_scalar,0.185845348150725,0.4732421238773326,0.08530410907906376,-0.011494252873563204
66,3,4,26,3,3,continuous,0,continuous_scalar,0.17440725882267305,0.34236120805993764,0.1730187537810043,0.04053236539624927
66,3,5,32,3,9,continuous,0,continuous_scalar,0.046072834176810615,0.3700730606356741,-0.01025641025641022,-0.012820512820512775
66,3,6,10,1,2,continuous,0,continuous_scalar,0.17094483990829692,0.6467494997440552,0.14351994043464106,-0.011494252873563204
66,3,7,16,2,2,continuous,0,continuous_scalar,0.1715028678221435,0.5273628368002233,0.06563357997114802,-0.011494252873563204
67,2,0,23,2,5,continuous,0,continuous_scalar,0.15780749177992442,0.9579150579150579,0.03861003861003862,0.04208494208494207
67,2,1,14,1,6,continuous,0,continuous_scalar,0.022513336990785938,0.5131274131274132,0.0,0.0
67,2,2,22,2,4,continuous,0,continuous_scalar,0.13341110703471495,0.8625482625482626,0.011274131274131283,0.014285714285714235
67,2,3,7,0,7,continuous,0,continuous_scalar,0.03132932295269426,0.5027027027027027,0.005714285714285716,0.02857142857142858
67,2,4,12,1,4,continuous,0,continuous_scalar,0.0874176409883356,0.4297297297297298,0.01142857142857141,0.02857142857142858
67,2,5,5,0,5,continuous,0,continuous_scalar,0.077314673986784,0.5154440154440154,0.008108108108108091,0.0
67,2,6,2,0,2,continuous,0,continuous_scalar,0.0019495886426319632,0.5552123552123551,0.002857142857142847,0.0
67,2,7,13,1,5,categorical,3,threshold_binning,0.09084305847789488,0.9142857142857144,0.030038610038610036,0.0
67,2,8,29,3,5,continuous,0,continuous_scalar,0.14091522773473086,0.972972972972973,0.08023166023166024,0.02857142857142858
67,2,9,19,2,1,categorical,3,threshold_binning,0.04532563865916437,0.5694980694980695,0.0,0.0
67,2,10,20,2,2,continuous,0,continuous_scalar,0.04181361928341927,0.432046332046332,0.0,0.0
67,2,11,4,0,4,continuous,0,continuous_scalar,0.16935929346891945,0.9451737451737452,0.008416988416988413,0.014285714285714235
68,4,0,4,0,4,categorical,2,prototype_discretization,0.049978210007746354,0.3666666666666667,0.030714285714285694,0.015476190476190532
68,4,1,30,3,5,continuous,0,continuous_scalar,0.10613155629241561,0.4666666666666667,0.04452380952380954,0.028571428571428692
68,4,2,11,1,3,continuous,0,continuous_scalar,0.11988882850449169,0.3738095238095238,0.06166666666666667,0.03333333333333344
68,4,3,6,0,6,continuous,0,continuous_scalar,0.11997132410132481,0.46190476190476193,0.02857142857142856,-0.0011904761904761862
68,4,4,18,2,0,continuous,0,continuous_scalar,0.06061507590992387,0.3904761904761904,0.04880952380952386,0.0452380952380953
68,4,5,9,1,1,continuous,0,continuous_scalar,0.1008123169109136,0.38095238095238093,0.1147619047619048,0.016666666666666607
68,4,6,25,3,0,categorical,2,threshold_binning,0.0893867701898248,0.3416666666666667,0.006666666666666643,0.0035714285714285587
68,4,7,1,0,1,categorical,2,prototype_discretization,0.007920037895719071,0.21904761904761905,-0.007380952380952354,0.0035714285714285587
68,4,8,29,3,4,continuous,0,continuous_scalar,0.1141921390633732,0.5904761904761905,0.07357142857142862,0.016666666666666607
68,4,9,19,2,1,continuous,0,continuous_scalar,0.09893774199262624,0.2869047619047619,0.04976190476190483,0.010714285714285787
68,4,10,20,2,2,categorical,2,prototype_discretization,0.10929295851818353,0.43333333333333335,0.043333333333333404,0.0035714285714285587
68,4,11,12,1,4,continuous,0,continuous_scalar,0.011488240083958373,0.23214285714285715,-0.0071428571428571175,-0.013095238095238049
68,4,12,5,0,5,continuous,0,continuous_scalar,0.0008143612221677322,0.26666666666666666,0.019285714285714285,0.021428571428571463
68,4,13,3,0,3,categorical,4,threshold_binning,9.17393943148148e-05,0.2761904761904762,0.020000000000000018,0.028571428571428692
68,4,14,15,1,7,continuous,0,continuous_scalar,0.010478699913016311,0.17976190476190476,-0.014761904761904688,-0.029761904761904656
69,4,0,26,2,8,continuous,0,continuous_scalar,0.1726452855044108,0.35954670329670335,0.1631295787545788,0.038461538461538436
69,4,1,19,2,1,continuous,0,continuous_scalar,0.13078891724358255,0.28777472527472525,0.03115842490842493,0.046760531135531136
69,4,2,3,0,3,continuous,0,continuous_scalar,0.15854957127939082,0.3768315018315018,-0.03432921245421241,-0.008298992673992589
69,4,3,33,3,6,continuous,0,continuous_scalar,0.16759676569016888,0.4308035714285714,0.09186126373626377,0.0036057692307692735
69,4,4,13,1,5,continuous,0,continuous_scalar,0.1897124101816739,0.3046016483516483,0.048202838827838865,-0.015625
69,4,5,24,2,6,continuous,0,continuous_scalar,0.008065218582631704,0.41626602564102566,0.014434523809523859,0.0036057692307692735
69,4,6,20,2,2,continuous,0,continuous_scalar,0.001581171222909291,0.3573717948717948,0.0086080586080586,-0.015625
69,4,7,8,1,0,continuous,0,continuous_scalar,0.04335044271860002,0.16323260073260074,-0.025892857142857117,-0.03125
69,4,8,12,1,4,categorical,3,prototype_discretization,0.12771021757663203,0.4036172161172161,-0.025,-0.027529761904761862
70,2,0,12,1,4,categorical,2,prototype_discretization,0.03933536433810903,0.5825581395348837,0.006666666666666643,-0.01666666666666672
70,2,1,29,3,4,categorical,2,threshold_binning,0.021058042240994026,0.5813953488372093,0.05697674418604644,0.0
70,2,2,24,2,7,continuous,0,continuous_scalar,0.0646040368944766,0.49883720930232556,0.010310077519379846,0.011627906976744207
70,2,3,5,0,5,categorical,4,prototype_discretization,0.09672635040564512,0.5728682170542636,-0.0026356589147287224,-0.011627906976744207
70,2,4,2,0,2,categorical,2,threshold_binning,0.03564111713196776,0.5135658914728682,0.0,-0.005038759689922512
70,2,5,0,0,0,continuous,0,continuous_scalar,0.12890913194422898,0.5422480620155039,0.013333333333333286,-0.01666666666666672
70,2,6,20,2,3,continuous,0,continuous_scalar,0.1398130384276018,0.8585271317829457,0.19790697674418603,0.07325581395348835
70,2,7,1,0,1,continuous,0,continuous_scalar,9.803938935307136e-05,0.43914728682170545,0.006666666666666643,0.005038759689922401
70,2,8,3,0,3,categorical,2,prototype_discretization,0.018922300904258227,0.4744186046511628,-0.013333333333333374,-0.028294573643410814
70,2,9,9,1,1,continuous,0,continuous_scalar,0.0006125200020053598,0.424031007751938,0.0,0.0
70,2,10,28,3,3,continuous,0,continuous_scalar,0.06595199472863666,0.5023255813953489,0.024961240310077494,0.011627906976744207
70,2,11,14,1,6,continuous,0,continuous_scalar,0.12543427013148792,0.6003875968992248,0.0017054263565890793,0.0
70,2,12,22,2,5,continuous,0,continuous_scalar,0.10745279950080035,0.5821705426356589,-0.009302325581395366,-0.005038759689922512
70,2,13,6,0,6,continuous,0,continuous_scalar,0.002264603509538979,0.562015503875969,-0.0006201550387597621,-0.028294573643410814
70,2,14,15,1,7,continuous,0,continuous_scalar,0.1392981701656219,0.712015503875969,0.07465116279069761,0.011627906976744207
70,2,15,30,3,5,continuous,0,continuous_scalar,0.01387822028527423,0.42906976744186043,0.0,-0.01666666666666672
71,4,0,5,0,5,continuous,0,continuous_scalar,0.0014798844831469583,0.2688605571900766,0.009299516908212558,0.010869565217391242
71,4,1,26,3,5,categorical,2,prototype_discretization,0.011910062475617808,0.2048054919908467,0.012870945479641117,-0.01388888888888884
71,4,2,15,2,0,continuous,0,continuous_scalar,0.14378129872483647,0.24233591224437906,0.05053485162180813,0.0426155969634231
71,4,3,12,1,4,continuous,0,continuous_scalar,0.17685117988511337,0.5219933892702772,0.021179760996694608,-0.003019323671497598
71,4,4,16,2,1,continuous,0,continuous_scalar,0.051385583940050154,0.18496876248592495,0.0021739130434782704,0.0
71,4,5,6,0,6,continuous,0,continuous_scalar,0.0568245462722625,0.24220424249028366,0.0,0.010869565217391242
71,4,6,24,3,3,categorical,3,prototype_discretization,0.14793204334998222,0.5673558897243108,0.12204968944099379,0.02570738440303655
71,4,7,22,3,1,continuous,0,continuous_scalar,0.08895510593782709,0.5762958119937525,0.047367512985361904,-0.017857142857142905
71,4,8,9,1,1,categorical,3,threshold_binning,0.043874408330799246,0.3079710144927536,-0.011111111111111072,0.010869565217391242
71,4,9,18,2,3,categorical,3,threshold_binning,0.09850603226676725,0.5320048309178744,0.04597998619737749,0.007850241545893755
71,4,10,19,2,4,continuous,0,continuous_scalar,0.013874242130857797,0.13932476117830808,0.026190476190476143,0.0
71,4,11,28,3,7,continuous,0,continuous_scalar,0.13172883540279254,0.26458810068649885,0.1982746721877157,0.010869565217391242
71,4,12,25,3,4,continuous,0,continuous_scalar,0.015130983516058967,0.5374759362173549,0.030479277904907186,-0.0007309941520468044
71,4,13,17,2,2,continuous,0,continuous_scalar,0.017765793283887603,0.545457847517344,0.04259834368530022,-0.003019323671497598
72,4,0,10,1,2,categorical,4,prototype_discretization,0.0552471593687696,0.30043077837195487,0.04907120743034059,0.05727554179566563
72,4,1,18,2,4,continuous,0,continuous_scalar,0.011957823101780464,0.2601987365919255,0.03502361072020525,0.030142758857929164
72,4,2,28,3,7,continuous,0,continuous_scalar,0.0929194762569511,0.3335756950308034,0.09815805109922762,0.02786377708978338
72,4,3,9,1,1,continuous,0,continuous_scalar,0.11695553751868443,0.47515010789004597,0.03707977608906406,-0.0008169934640522847
72,4,4,20,2,6,categorical,2,prototype_discretization,0.0813897198354426,0.31417112299465244,0.02800450323670143,0.013157894736842257
72,4,5,8,1,0,continuous,0,continuous_scalar,0.06200259135565595,0.2252165619038684,0.030151358789129758,0.027046783625731097
72,4,6,15,2,1,continuous,0,continuous_scalar,0.0646482504990977,0.2552068674359696,0.05265346968133351,0.04175266597867222
72,4,7,12,1,4,continuous,0,continuous_scalar,0.06061049024693263,0.5382814210213591,0.044204428182756404,0.02941176470588247
72,4,8,6,0,6,continuous,0,continuous_scalar,0.07467446312461745,0.21237921005722865,0.037452700378397055,0.0
72,4,9,27,3,6,continuous,0,continuous_scalar,0.07393859578623083,0.31869781405385117,0.07242002063983495,0.027046783625731097
72,4,10,7,0,7,continuous,0,continuous_scalar,0.11724026075546624,0.4709439597210495,0.03222003314882578,0.02786377708978338
72,4,11,2,0,2,continuous,0,continuous_scalar,0.07184642820673989,0.23951199299496514,0.028448572411420715,0.025498796009632008
72,4,12,14,2,0,categorical,2,threshold_binning,0.04902725809201844,0.3244949494949495,0.03878334427870036,0.025823247959470885
72,4,13,16,2,2,continuous,0,continuous_scalar,0.05783978183085003,0.5955569628170247,0.018166963755199085,0.02941176470588247
72,4,14,17,2,3,continuous,0,continuous_scalar,0.009702164020762655,0.2309589705100541,0.04461253400881893,0.042569659442724506
73,4,0,29,3,6,continuous,0,continuous_scalar,0.10909532162532841,0.3453375668449198,-0.006250000000000045,-0.026988636363636465
73,4,1,13,1,5,continuous,0,continuous_scalar,0.10441938436406543,0.2751504010695187,-0.022727272727272818,0.0
73,4,2,15,1,7,continuous,0,continuous_scalar,0.09016885200492651,0.3524398395721925,-0.01846590909090917,-0.011363636363636465
73,4,3,6,0,6,continuous,0,continuous_scalar,0.11068039497827707,0.2690508021390374,0.01619318181818181,-0.026988636363636465
73,4,4,5,0,5,continuous,0,continuous_scalar,0.13363463610662898,0.56600935828877,0.021590909090909084,0.0
73,4,5,14,1,6,continuous,0,continuous_scalar,0.04750271919617098,0.4811163101604278,-0.0058823529411765165,0.0
73,4,6,17,2,0,continuous,0,continuous_scalar,0.04265454501912249,0.6498161764705883,-0.01128008021390381,0.0
73,4,7,26,3,3,continuous,0,continuous_scalar,0.13982741354967376,0.42538435828877,-0.00625,-0.015625
73,4,8,4,0,4,categorical,2,threshold_binning,0.06764913077006612,0.3890374331550802,0.0,0.0
73,4,9,31,3,8,continuous,0,continuous_scalar,0.12890860523070183,0.3695688502673797,-0.004545454545454586,0.0
73,4,10,7,0,7,continuous,0,continuous_scalar,0.019214456063310122,0.2865975935828877,0.0,0.0
73,4,11,27,3,4,continuous,0,continuous_scalar,0.006244541091728294,0.26345254010695185,-0.011163101604278114,-0.026988636363636465
74,3,0,0,0,0,continuous,0,continuous_scalar,0.2084224485523229,0.7288676236044657,-0.010526315789473717,-0.0350877192982455
74,3,1,8,1,0,continuous,0,continuous_scalar,0.0009323433081047161,0.6555023923444976,-0.024561403508771874,-0.0350877192982455
74,3,2,25,3,1,categorical,2,prototype_discretization,0.00043611337023436055,0.4393939393939394,0.0,-0.0350877192982455
74,3,3,14,1,6,categorical,2,threshold_binning,0.13801893479992855,0.6515151515151515,-0.010526315789473717,-0.0350877192982455
74,3,4,23,2,8,continuous,0,continuous_scalar,0.0006305046410504715,0.6810207336523127,-0.03157894736842097,-0.0350877192982455
74,3,5,26,3,2,continuous,0,continuous_scalar,0.019339185787594953,0.2751196172248804,-0.024561403508771916,-0.0350877192982455
74,3,6,15,2,0,continuous,0,continuous_scalar,0.20932307698032232,0.5980861244019139,-0.017543859649122816,-0.0350877192982455
74,3,7,10,1,2,continuous,0,continuous_scalar,0.00680714007753464,0.34529505582137165,-0.03157894736842097,-0.0350877192982455
74,3,8,29,3,5,categorical,3,prototype_discretization,9.416541374069623e-05,0.5,0.007017543859649145,-0.0350877192982455
74,3,9,30,3,6,continuous,0,continuous_scalar,0.21797616237660875,0.934609250398724,0.21626794258373216,0.032695374800638
74,3,10,19,2,4,categorical,4,threshold_binning,0.016572511015218828,0.3325358851674641,-0.01403508771929829,-0.0350877192982455
74,3,11,18,2,3,continuous,0,continuous_scalar,0.18144741367733885,0.4154704944178629,0.07320574162679436,-0.0350877192982455
75,2,0,11,1,3,continuous,0,continuous_scalar,0.24914228849768763,0.47023809523809523,-0.0011904761904761862,0.017857142857142794
75,2,1,22,2,8,continuous,0,continuous_scalar,0.302358736799537,0.9047619047619048,0.45714285714285713,0.38095238095238093
75,2,2,1,0,1,categorical,2,threshold_binning,0.04325387115338838,0.47023809523809523,0.0,0.017857142857142794
75,2,3,15,2,1,continuous,0,continuous_scalar,0.16815573828522387,0.5892857142857143,0.036904761904761954,0.04166666666666674
75,2,4,9,1,1,categorical,2,prototype_discretization,0.024250374939674597,0.5,0.0,0.005952380952380931
75,2,5,7,0,7,continuous,0,continuous_scalar,0.07571524223185745,0.43452380952380953,-0.004761904761904745,0.0
75,2,6,13,1,5,continuous,0,continuous_scalar,0.05511015760522616,0.5833333333333333,0.0011904761904761862,0.0
75,2,7,5,0,5,categorical,2,threshold_binning,0.022132063053156775,0.5059523809523809,0.017857142857142794,0.017857142857142794
75,2,8,12,1,4,continuous,0,continuous_scalar,0.059881527434248114,0.5416666666666667,-0.005952380952380931,-0.011904761904761862
76,3,0,3,0,3,continuous,0,continuous_scalar,0.06908763378091626,0.19907773386034255,-0.009090909090909104,-0.0006587615283267789
76,3,1,6,0,6,categorical,2,threshold_binning,0.010790881024876903,0.32367149758454106,0.0,0.01449275362318847
76,3,2,4,0,4,continuous,0,continuous_scalar,0.011569797526080177,0.3502415458937198,0.010048309178743975,0.01449275362318847
76,3,3,11,1,3,continuous,0,continuous_scalar,0.16735635924617065,0.7700043917435222,0.05119894598155461,0.0
76,3,4,28,3,4,continuous,0,continuous_scalar,0.17170150898319478,0.8063680281071585,0.08163372859025024,-0.008739569609134912
76,3,5,14,2,0,continuous,0,continuous_scalar,0.09748842243400749,0.28124725516029864,-0.0123847167325428,-0.015810276679841917
76,3,6,27,3,3,continuous,0,continuous_scalar,0.06602484853384144,0.2667545015371102,-0.0003952569169960674,-0.022880983750548922
76,3,7,7,0,7,categorical,2,threshold_binning,0.09426676866625759,0.6515151515151515,0.007905138339920926,0.01449275362318847
76,3,8,2,0,2,continuous,0,continuous_scalar,0.06817677985030396,0.22938076416337286,-0.007536231884058053,-0.022880983750548922
76,3,9,15,2,1,continuous,0,continuous_scalar,0.010033395355736904,0.33280632411067196,0.0,-0.0006587615283267789
76,3,10,30,3,6,continuous,0,continuous_scalar,0.025346084109225366,0.3422046552481335,0.01212121212121211,0.01449275362318847
76,3,11,16,2,2,continuous,0,continuous_scalar,0.1334606862961873,0.4971014492753623,0.009907773386034213,-0.007729468599034006
76,3,12,10,1,2,continuous,0,continuous_scalar,0.0746968341932012,0.3533596837944664,-0.005990338164251252,-0.007729468599034006
77,3,0,14,1,6,continuous,0,continuous_scalar,0.15080141842428876,0.3245614035087719,0.044736842105263096,0.01388888888888884
77,3,1,17,2,0,continuous,0,continuous_scalar,0.15003243674662764,0.44371345029239767,0.033479532163742665,0.02777777777777779
77,3,2,7,0,7,continuous,0,continuous_scalar,0.008804392090944874,0.3355263157894737,-0.02660818713450297,-0.01754385964912286
77,3,3,25,3,1,categorical,2,threshold_binning,0.07077797065228202,0.425438596491228,0.10862573099415199,-0.038742690058479634
77,3,4,19,2,2,continuous,0,continuous_scalar,0.12333716700527311,0.3808479532163742,-0.005701754385964963,0.010233918128654929
77,3,5,21,2,4,continuous,0,continuous_scalar,0.18456331911480503,0.6154970760233919,0.26169590643274854,0.08406432748537995
77,3,6,2,0,2,categorical,2,threshold_binning,0.03319060682537418,0.3538011695906433,0.003508771929824528,-0.021198830409356773
77,3,7,24,3,0,categorical,2,prototype_discretization,0.13282078315222917,0.5789473684210527,0.21111111111111103,-0.01754385964912286
77,3,8,4,0,4,categorical,2,prototype_discretization,0.02661319845334958,0.3940058479532164,0.005555555555555536,0.0314327485380117
77,3,9,30,3,6,categorical,2,prototype_discretization,0.02162224097274568,0.47368421052631576,0.013888888888888862,0.01388888888888884
77,3,10,26,3,2,continuous,0,continuous_scalar,0.09743646656207995,0.40204678362573104,0.06695906432748536,0.0065789473684209065
78,4,0,22,2,4,continuous,0,continuous_scalar,0.16138724670800278,0.47023026315789473,0.007631578947368522,1.1102230246251565e-16
78,4,1,1,0,1,categorical,4,threshold_binning,0.17383163859817133,0.43125,0.1538486842105264,0.028782894736842257
78,4,2,25,2,7,continuous,0,continuous_scalar,0.25652003271446144,0.4990131578947368,0.41661184210526325,0.24342105263157898
78,4,3,2,0,2,continuous,0,continuous_scalar,0.15954458686027068,0.32516447368421053,0.015657894736842204,0.03947368421052633
78,4,4,31,3,3,continuous,0,continuous_scalar,0.16958870545478016,0.3483552631578948,0.08088815789473695,-0.01628289473684197
78,4,5,5,0,5,continuous,0,continuous_scalar,0.01238996516201808,0.19638157894736843,-0.007894736842105222,-0.013157894736842035
78,4,6,29,3,1,continuous,0,continuous_scalar,0.03140253499406475,0.26825657894736843,-0.0031249999999999555,0.013157894736842257
78,4,7,33,3,5,continuous,0,continuous_scalar,0.03533528950823079,0.27828947368421053,-0.027532894736842017,0.0
79,3,0,3,0,3,continuous,0,continuous_scalar,0.0935948347214612,0.43924191750278707,0.00936454849498325,0.011148272017837302
79,3,1,0,0,0,categorical,2,prototype_discretization,0.007628002028897991,0.3043478260869565,0.0,-0.012820512820512775
79,3,2,13,1,5,categorical,4,threshold_binning,0.07152949158776589,0.5362318840579711,0.009253065774804892,-0.04180602006688949
79,3,3,11,1,3,categorical,3,threshold_binning,0.05219629681209897,0.36231884057971014,-0.00992196209587517,0.0
79,3,4,30,3,8,continuous,0,continuous_scalar,0.08232775795135192,0.3617614269788183,-0.034336677814938654,0.0
79,3,5,25,3,3,continuous,0,continuous_scalar,0.09079071034105526,0.5100334448160535,0.12965440356744712,0.09308807134894082
79,3,6,31,3,9,continuous,0,continuous_scalar,0.07035547743717145,0.43756967670011154,0.05273132664437015,0.027313266443701245
79,3,7,4,0,4,continuous,0,continuous_scalar,0.02994499360745312,0.2653288740245262,-0.005797101449275343,-0.02898550724637672
79,3,8,19,2,3,continuous,0,continuous_scalar,0.08147591887639104,0.2959866220735786,0.008918617614269797,0.0
79,3,9,7,0,7,continuous,0,continuous_scalar,0.029678913810221683,0.4275362318840579,0.0,-0.01114827201783719
79,3,10,14,1,6,continuous,0,continuous_scalar,0.10529446972920263,0.4827201783723523,0.049609810479375696,0.041806020066889604
79,3,11,2,0,2,categorical,3,prototype_discretization,0.06321199972232855,0.36231884057971014,0.004459308807134921,-0.02898550724637672
79,3,12,27,3,5,continuous,0,continuous_scalar,0.07042026558943712,0.35228539576365664,0.0636566332218506,0.027313266443701245
79,3,13,17,2,1,continuous,0,continuous_scalar,0.023727616301650076,0.2636566332218506,-0.01571906354515047,-0.027313266443701245
79,3,14,18,2,2,continuous,0,continuous_scalar,0.09938757678282362,0.5518394648829431,0.02541806020066888,-0.014492753623188248
79,3,15,15,1,7,continuous,0,continuous_scalar,0.02843567470068951,0.2876254180602007,-0.007023411371237453,0.0
80,2,0,7,0,7,continuous,0,continuous_scalar,0.01567006953525767,0.4389705882352941,0.032205882352941174,0.012499999999999956
80,2,1,14,1,6,continuous,0,continuous_scalar,0.008566408889883192,0.5477941176470589,0.003823529411764692,0.0
80,2,2,27,3,1,continuous,0,continuous_scalar,0.12110974665046745,0.8933823529411764,0.11485294117647056,0.014705882352941124
80,2,3,13,1,5,continuous,0,continuous_scalar,0.06729591781214109,0.3698529411764706,0.013823529411764702,0.012499999999999956
80,2,4,15,1,7,continuous,0,continuous_scalar,0.1212786139252762,0.9036764705882353,0.04102941176470589,-0.014705882352941124
80,2,5,22,2,6,continuous,0,continuous_scalar,0.12281710049445804,0.5441176470588236,0.002499999999999991,0.012499999999999956
80,2,6,4,0,4,continuous,0,continuous_scalar,0.12886566713057387,0.5610294117647059,0.01749999999999994,0.0
80,2,7,24,2,8,continuous,0,continuous_scalar,0.018285216662002477,0.5963235294117647,-0.0038235294117647143,0.0
80,2,8,1,0,1,categorical,5,threshold_binning,0.10445061601751833,0.8080882352941177,0.021323529411764696,0.012499999999999956
80,2,9,9,1,1,continuous,0,continuous_scalar,0.11865059281961128,0.6110294117647059,0.01955882352941172,0.012499999999999956
80,2,10,21,2,5,categorical,2,prototype_discretization,0.0032975390621980067,0.4713235294117647,0.0,0.0
80,2,11,2,0,2,categorical,3,threshold_binning,0.0485274166780882,0.5522058823529412,0.0,0.0
80,2,12,28,3,2,continuous,0,continuous_scalar,0.12118509432252418,0.5941176470588235,0.004558823529411749,0.012499999999999956
81,2,0,21,2,6,continuous,0,continuous_scalar,0.009375575193579158,0.5208333333333333,0.0,0.0
81,2,1,6,0,6,continuous,0,continuous_scalar,0.11243466792627499,0.8504464285714286,0.014285714285714258,0.0
81,2,2,15,2,0,continuous,0,continuous_scalar,0.10936144807803821,0.4799107142857143,-0.009375,0.0
81,2,3,16,2,1,continuous,0,continuous_scalar,0.07652527066654737,0.546875,-0.003125,0.015625
81,2,4,8,1,0,continuous,0,continuous_scalar,0.09446191368988441,0.5550595238095238,-0.009375,0.0
81,2,5,22,2,7,continuous,0,continuous_scalar,0.00295365532255237,0.4650297619047619,0.0,0.0
81,2,6,26,3,2,continuous,0,continuous_scalar,0.10093862135369938,0.5907738095238095,-0.009375,0.0
81,2,7,31,3,7,continuous,0,continuous_scalar,0.10781983046636379,0.4575892857142857,0.015625,0.0
81,2,8,28,3,4,continuous,0,continuous_scalar,0.10860326423110724,0.8660714285714286,0.12648809523809523,0.04315476190476186
81,2,9,11,1,3,continuous,0,continuous_scalar,0.10919205656239755,0.578125,-0.015625,0.0
81,2,10,17,2,2,continuous,0,continuous_scalar,0.0344727655184014,0.5163690476190477,-0.003125,0.0
81,2,11,19,2,4,continuous,0,continuous_scalar,0.10549830641727624,0.8020833333333333,0.12038690476190475,-0.011904761904761973
81,2,12,30,3,6,continuous,0,continuous_scalar,0.028362624573877896,0.6458333333333333,0.0,-0.015625
82,2,0,2,0,2,continuous,0,continuous_scalar,0.14123701517380544,0.617117117117117,0.1572072072072072,0.1207207207207206
82,2,1,27,3,3,continuous,0,continuous_scalar,0.1178990754621101,0.6378378378378378,0.07495495495495492,0.006306306306306242
82,2,2,18,2,1,continuous,0,continuous_scalar,0.12061102119050376,0.5306306306306307,0.016486486486486474,-0.013513513513513598
82,2,3,9,1,1,categorical,3,prototype_discretization,0.031490115326895024,0.386936936936937,0.0,0.0
82,2,4,28,3,4,categorical,2,prototype_discretization,0.037676966474595536,0.42117117117117114,-0.008108108108108159,0.0
82,2,5,7,0,7,categorical,3,threshold_binning,0.10121996693060005,0.5351351351351352,-0.008108108108108159,0.0
82,2,6,14,1,6,continuous,0,continuous_scalar,0.131587155111601,0.5981981981981982,0.0776576576576576,0.033333333333333215
82,2,7,1,0,1,continuous,0,continuous_scalar,0.011515548194868707,0.5495495495495495,-0.005405405405405439,-0.013513513513513598
82,2,8,26,3,2,continuous,0,continuous_scalar,0.13914246473645803,0.6013513513513513,0.08621621621621615,0.003153153153153121
82,2,9,15,1,7,continuous,0,continuous_scalar,0.15897287933964285,0.7220720720720721,0.02522522522522519,0.0
82,2,10,19,2,2,continuous,0,continuous_scalar,0.008647792058919485,0.4027027027027027,-0.0008108108108108691,-0.013513513513513598
83,3,0,19,2,2,continuous,0,continuous_scalar,0.11510977188905999,0.4547433243085417,0.023522853957636602,0.01449275362318847
83,3,1,5,0,5,continuous,0,continuous_scalar,0.13964081726002603,0.748367574454531,-0.007299463821202945,-0.012820512820512775
83,3,2,23,2,6,continuous,0,continuous_scalar,0.03498264287707164,0.2861389817911557,0.0,0.0
83,3,3,7,0,7,categorical,2,prototype_discretization,0.011371111666930585,0.3612040133779264,0.0,0.0
83,3,4,8,1,0,continuous,0,continuous_scalar,0.03707049117803069,0.3235122365557148,0.008695652173913082,0.0
83,3,5,11,1,3,continuous,0,continuous_scalar,0.005677464758743609,0.39677230981578804,0.0,0.0
83,3,6,26,3,2,continuous,0,continuous_scalar,0.09881944725889483,0.23071614375962202,0.013489409141583053,0.027313266443701245
83,3,7,1,0,1,categorical,4,threshold_binning,0.11071353269881856,0.38405797101449274,0.005797101449275388,0.01449275362318847
83,3,8,16,1,8,categorical,2,threshold_binning,0.0840136229728473,0.32943143812709025,0.0,0.0
83,3,9,13,1,5,continuous,0,continuous_scalar,0.1402199045292297,0.7901735945214207,-0.016764877634442808,-0.014200775070340232
83,3,10,2,0,2,continuous,0,continuous_scalar,0.028501591732784062,0.35220576524924346,0.0,0.01449275362318847
83,3,11,29,3,5,continuous,0,continuous_scalar,0.14489633009009362,0.8734936561023517,0.3406009449487711,0.06911928651059085
83,3,12,0,0,0,continuous,0,continuous_scalar,0.04898327108746943,0.2948187078621861,0.005797101449275388,0.01449275362318847
84,4,0,29,3,5,continuous,0,continuous_scalar,0.20793692945138162,0.8137388926862611,0.17170198222829797,0.052631578947368474
84,4,1,3,0,3,continuous,0,continuous_scalar,0.15885609153849878,0.3416780587833219,0.03533834586466165,0.013157894736842146
84,4,2,21,2,3,continuous,0,continuous_scalar,0.009229305232403855,0.3285201640464798,0.013157894736842146,0.013157894736842146
84,4,3,2,0,2,continuous,0,continuous_scalar,0.19523227553826458,0.4497607655502392,0.031630211893369786,0.044172932330827086
84,4,4,6,0,6,continuous,0,continuous_scalar,0.008450162235485736,0.32023239917976765,0.0,0.0
84,4,5,9,1,1,continuous,0,continuous_scalar,0.19583023979841435,0.5496411483253588,0.04808612440191384,0.0
84,4,6,23,2,5,categorical,3,threshold_binning,0.16702654581905102,0.5544258373205742,0.04441216678058781,0.0
84,4,7,22,2,4,continuous,0,continuous_scalar,0.05743845038650003,0.28810663021189337,0.009808612440191378,0.03101503759398494
85,2,0,1,0,1,categorical,2,prototype_discretization,0.04305239002387585,0.43311195445920303,-0.0032258064516129,0.0
85,2,1,33,3,8,continuous,0,continuous_scalar,0.04669005715622674,0.6299810246679317,0.03908918406072097,0.030834914611005626
85,2,2,30,3,5,continuous,0,continuous_scalar,0.06343966587213556,0.41129032258064513,0.006166982922201125,0.014705882352941124
85,2,3,5,0,5,categorical,2,threshold_binning,0.002658408723718995,0.5332068311195446,0.0117647058823529,0.014705882352941124
85,2,4,31,3,6,continuous,0,continuous_scalar,0.032718038235251434,0.49051233396584437,-0.007020872865275152,-0.016129032258064502
85,2,5,17,2,2,continuous,0,continuous_scalar,0.12062182191032196,0.6166982922201139,0.05170777988614794,0.030834914611005626
85,2,6,26,3,1,continuous,0,continuous_scalar,0.11699350993693555,0.6622390891840607,0.11129032258064511,0.0014231499051232666
85,2,7,23,2,8,continuous,0,continuous_scalar,0.07514794010408427,0.41555977229601515,0.0020872865275141984,-0.016129032258064502
85,2,8,22,2,7,categorical,3,threshold_binning,0.026369733702519042,0.5379506641366224,0.002941176470588225,0.0
85,2,9,29,3,4,continuous,0,continuous_scalar,0.0844734408254996,0.631404174573055,-0.0032258064516129,0.014705882352941124
85,2,10,25,3,0,categorical,3,threshold_binning,0.10900894500293645,0.747628083491461,0.021726755218216275,-0.0014231499051233776
85,2,11,7,0,7,categorical,2,threshold_binning,0.06015116119259323,0.603415559772296,0.008823529411764675,0.0
85,2,12,15,2,0,continuous,0,continuous_scalar,0.04768851542415555,0.5199240986717267,0.0064516129032258,0.0
85,2,13,0,0,0,categorical,4,prototype_discretization,0.048553462409917245,0.5203984819734345,0.017931688804554025,0.014705882352941124
85,2,14,8,1,0,continuous,0,continuous_scalar,0.12243290947982852,0.5887096774193548,0.10872865275142304,0.04696394686907013
86,2,0,18,2,2,continuous,0,continuous_scalar,0.0071541726284115375,0.5181818181818182,0.0,0.0
86,2,1,9,1,1,continuous,0,continuous_scalar,0.19098981121982525,0.9428571428571428,0.011601731601731636,0.0
86,2,2,28,3,4,categorical,3,prototype_discretization,0.0016587325889783257,0.4731601731601731,0.0,0.0
86,2,3,25,3,1,categorical,4,threshold_binning,0.17269439359549427,0.9142857142857144,0.12822510822510821,0.015151515151515138
86,2,4,29,3,5,continuous,0,continuous_scalar,0.04137633769426078,0.6038961038961039,0.0,0.0
86,2,5,7,0,7,continuous,0,continuous_scalar,0.051206674579410694,0.5155844155844156,0.0030303030303030277,0.0
86,2,6,6,0,6,continuous,0,continuous_scalar,0.0005086280401391469,0.42467532467532465,0.009090909090909084,0.015151515151515138
86,2,7,12,1,4,categorical,2,prototype_discretization,0.009893296950499215,0.4800865800865801,0.0,0.0
86,2,8,20,2,4,continuous,0,continuous_scalar,0.18917397616244716,0.8528138528138528,0.05688311688311691,0.04372294372294372
86,2,9,17,2,1,continuous,0,continuous_scalar,0.048774614842619586,0.6164502164502165,0.0,0.0
86,2,10,21,2,5,categorical,3,prototype_discretization,0.044052462381989184,0.5523809523809524,0.009090909090909084,0.015151515151515138
86,2,11,10,1,2,continuous,0,continuous_scalar,0.00010414600134694671,0.4575757575757576,0.006060606060606055,0.0
86,2,12,23,2,7,continuous,0,continuous_scalar,0.0022963468943897206,0.4575757575757576,0.009090909090909084,0.015151515151515138
86,2,13,11,1,3,continuous,0,continuous_scalar,0.03212154854627058,0.396969696969697,0.0,0.0
86,2,14,0,0,0,continuous,0,continuous_scalar,0.19554779185807342,0.8554112554112554,0.01497835497835498,0.015151515151515138
86,2,15,8,1,0,continuous,0,continuous_scalar,0.012447066015844183,0.4701298701298701,0.0,0.0
87,3,0,28,3,3,continuous,0,continuous_scalar,0.04822303612702095,0.4901960784313726,0.1596316102198455,0.04587046939988115
87,3,1,23,2,6,categorical,2,prototype_discretization,0.10248117479934057,0.4839572192513369,0.06652406417112296,0.02626262626262621
87,3,2,30,3,5,categorical,4,prototype_discretization,0.0024715519925563307,0.3477718360071301,0.00242424242424244,0.004040404040404066
87,3,3,17,2,0,continuous,0,continuous_scalar,0.09359216019616567,0.3784313725490196,0.018348187759952485,-0.022222222222222143
87,3,4,32,3,7,continuous,0,continuous_scalar,0.1593079469119438,0.509744503862151,0.10285204991087342,0.002614379084967311
87,3,5,21,2,4,continuous,0,continuous_scalar,0.005991854052996289,0.27456922162804515,-0.007272727272727231,-0.022222222222222143
87,3,6,13,1,5,categorical,4,threshold_binning,0.14395830157671016,0.47629233511586455,-0.0058585858585858295,-0.022222222222222143
87,3,7,3,0,3,continuous,0,continuous_scalar,0.1491184282760831,0.36369578134284025,0.06584670231729053,-0.015151515151515138
87,3,8,19,2,2,continuous,0,continuous_scalar,0.14728587879373267,0.43321449792038025,0.04377896613190728,0.0236482471776589
87,3,9,25,3,0,continuous,0,continuous_scalar,0.14756966727345047,0.42549019607843136,0.019964349376114066,-0.011111111111111072
88,3,0,20,2,5,continuous,0,continuous_scalar,0.13321634569561625,0.5485527544351073,0.048731007554536965,0.04689754689754688
88,3,1,24,2,9,categorical,2,threshold_binning,0.0007509084978842705,0.3449197860962567,0.0,-0.03548085901027087
88,3,2,2,0,2,categorical,4,prototype_discretization,0.10012418958488144,0.5819964349376114,-0.00421016891605126,-0.020329343858755733
88,3,3,10,1,2,continuous,0,continuous_scalar,0.09655359808637308,0.3196672608437314,-0.0039215686274509665,0.0
88,3,4,27,3,2,continuous,0,continuous_scalar,0.10993547585299615,0.4323486970545794,0.23481877599524656,0.058314234784823005
88,3,5,8,1,0,continuous,0,continuous_scalar,0.0029297283470679407,0.39614633732280796,0.0022833375774552246,0.015873015873015817
88,3,6,3,0,3,categorical,2,threshold_binning,0.042542157153540414,0.4447415329768271,0.008776844070961687,-0.004456327985739916
88,3,7,18,2,3,continuous,0,continuous_scalar,0.12056323989964426,0.3100331041507512,0.07544351073762837,0.025846702317290582
88,3,8,12,1,4,categorical,3,prototype_discretization,0.0686356079786962,0.30400645106527463,0.006349206349206327,-0.015873015873015817
88,3,9,30,3,5,continuous,0,continuous_scalar,0.13664088206067107,0.6378915202444615,0.3524573465749936,0.15885748238689423
88,3,10,14,1,6,continuous,0,continuous_scalar,0.08146290179416642,0.3030727442492149,-0.022035480859010283,-0.004456327985739916
88,3,11,1,0,1,continuous,0,continuous_scalar,0.10664496504846252,0.35837365249129954,-0.019607843137254832,0.015151515151515138
89,2,0,8,1,0,categorical,2,prototype_discretization,0.01713587772160095,0.5666666666666667,-0.006666666666666643,0.03333333333333344
89,2,1,16,1,8,continuous,0,continuous_scalar,0.11899239433472465,0.5809523809523809,0.008095238095238178,-0.004761904761904745
89,2,2,2,0,2,continuous,0,continuous_scalar,0.12048468162186564,0.5738095238095238,0.018571428571428662,0.040476190476190554
89,2,3,28,3,0,continuous,0,continuous_scalar,0.14485621906536258,0.7404761904761905,0.08809523809523818,0.06190476190476202
89,2,4,9,1,1,continuous,0,continuous_scalar,0.049527456052685076,0.4452380952380952,0.0004761904761904967,-0.016666666666666607
89,2,5,31,3,3,categorical,4,threshold_binning,0.07030920801714499,0.55,-0.006666666666666643,0.01666666666666683
89,2,6,17,1,9,categorical,3,prototype_discretization,0.10259387019573159,0.5595238095238095,0.0009523809523810156,0.01666666666666683
89,2,7,10,1,2,continuous,0,continuous_scalar,0.06781383260831891,0.5547619047619048,4.4408920985006264e-17,0.0
89,2,8,33,3,5,continuous,0,continuous_scalar,0.10973526969132577,0.5,-0.004761904761904678,0.028571428571428692
89,2,9,34,3,6,continuous,0,continuous_scalar,0.14974501783727973,0.719047619047619,0.17000000000000012,0.10952380952380958
89,2,10,27,2,9,continuous,0,continuous_scalar,0.04880617285396012,0.4976190476190476,-0.011428571428571366,0.01666666666666683
90,4,0,11,1,3,continuous,0,continuous_scalar,0.1216637508190939,0.31509443242179813,0.013702046035805559,0.010294117647058787
90,4,1,30,3,9,categorical,3,prototype_discretization,0.07333856795386136,0.3471153846153846,0.03625713161518782,0.0038363171355497716
90,4,2,1,0,1,categorical,2,threshold_binning,0.05217442131881978,0.33653846153846156,0.0022826086956521108,-0.03644501278772383
90,4,3,23,3,2,categorical,3,threshold_binning,0.06925948203012038,0.3729096989966555,0.1537227031280739,-0.01288609089120607
90,4,4,14,2,0,categorical,3,prototype_discretization,0.06308046070231821,0.38231605351170567,0.03462669683257914,-0.017024886877828105
90,4,5,15,2,1,continuous,0,continuous_scalar,0.10136681225469281,0.2536494196340744,0.00498770411174494,-0.021739130434782705
90,4,6,18,2,4,categorical,2,threshold_binning,0.056323690338517564,0.30434782608695654,-0.014066496163682963,0.007672634271099765
90,4,7,19,2,5,continuous,0,continuous_scalar,0.09595918393348238,0.2817332284084202,0.021223194963604097,-0.008663682864450184
90,4,8,3,0,3,categorical,3,threshold_binning,0.08453329006083563,0.33235294117647063,-0.021739130434782705,-0.07490655124926238
90,4,9,5,0,5,continuous,0,continuous_scalar,0.02524039673975796,0.2718252016525674,-0.010771198111351587,-0.034625221325988664
90,4,10,10,1,2,continuous,0,continuous_scalar,0.09438613091789137,0.3057913633680897,0.01380238048396607,-0.01760033444816056
90,4,11,16,2,2,categorical,2,prototype_discretization,0.02977508827057531,0.3426470588235294,-0.025978752705095465,-0.07107023411371238
90,4,12,7,0,7,categorical,4,threshold_binning,0.09736398748668598,0.4045814479638009,-0.008695652173913104,-0.002508361204013543
90,4,13,13,1,5,categorical,2,threshold_binning,0.03553473717334738,0.3980769230769231,-0.012215719063545216,-0.021739130434782705
91,4,0,17,2,0,continuous,0,continuous_scalar,0.02495675724856955,0.30615755073959405,0.0,0.02777777777777779
91,4,1,15,1,7,continuous,0,continuous_scalar,0.16935619178380526,0.7199862401100791,0.09936360509115927,0.11119711042311664
91,4,2,14,1,6,continuous,0,continuous_scalar,0.007306406766534793,0.28302373581011353,-0.024561403508771895,-0.02777777777777779
91,4,3,31,3,4,categorical,4,prototype_discretization,0.13989560381103838,0.5872893016855866,0.29929480564155486,-0.014705882352941124
91,4,4,26,2,9,continuous,0,continuous_scalar,0.033291345737271626,0.26831785345717235,-0.0022875816993464413,-0.02777777777777779
91,4,5,8,1,0,categorical,2,prototype_discretization,0.07569315056603952,0.4063467492260062,0.040402476780185784,0.02631578947368418
91,4,6,19,2,2,continuous,0,continuous_scalar,0.007354725529602135,0.35517715858273136,0.011111111111111117,-0.014619883040935644
91,4,7,3,0,3,categorical,2,prototype_discretization,0.026015664213027777,0.2733918128654971,0.0,-0.02777777777777779
91,4,8,4,0,4,categorical,3,threshold_binning,0.11679800746523801,0.34038527691778464,0.022549019607843168,0.0
91,4,9,7,0,7,continuous,0,continuous_scalar,0.12279830423416069,0.3403852769177847,0.0052975576195390724,0.013157894736842146
91,4,10,18,2,1,continuous,0,continuous_scalar,0.004136796066515166,0.29463364293085653,-0.0025799793601650966,-0.02777777777777779
91,4,11,20,2,3,continuous,0,continuous_scalar,0.10944025095348821,0.3093395252837977,0.008496732026143827,0.02777777777777779
91,4,12,24,2,7,continuous,0,continuous_scalar,0.16208280786153606,0.7772617819057447,0.17994496044031646,0.1946164430684555
91,4,13,28,3,1,continuous,0,continuous_scalar,0.000873987763172854,0.3813209494324045,0.0,-0.02777777777777779
92,2,0,16,2,2,continuous,0,continuous_scalar,0.11464877767715641,0.5897565922920893,0.030831643002028432,0.012170385395537608
92,2,1,25,3,5,categorical,2,threshold_binning,0.06531837552823623,0.6090263691683571,0.01409736308316436,-0.051724137931034475
92,2,2,15,2,1,continuous,0,continuous_scalar,0.13934513879747293,0.648580121703854,0.10841784989858014,0.09787018255578095
92,2,3,24,3,4,continuous,0,continuous_scalar,0.10479070108004666,0.6734279918864097,0.04908722109533472,0.0
92,2,4,3,0,3,continuous,0,continuous_scalar,0.10519050704155215,0.5573022312373226,0.0019269776876267742,-0.03448275862068961
92,2,5,5,0,5,continuous,0,continuous_scalar,0.08757126499293624,0.5010141987829615,-0.01724137931034484,0.012170385395537608
92,2,6,9,1,1,categorical,6,threshold_binning,0.10398820795876575,0.5400608519269777,-0.018255578093306267,-0.051724137931034475
92,2,7,2,0,2,continuous,0,continuous_scalar,0.15453599577983856,0.6389452332657202,0.027991886409736332,-0.051724137931034475
92,2,8,18,2,4,continuous,0,continuous_scalar,0.12461103114399509,0.41024340770791073,0.017038539553752584,-0.005070993914807254
93,2,0,22,3,1,continuous,0,continuous_scalar,0.12563512975205143,0.37044534412955465,0.011740890688259143,0.019230769230769273
93,2,1,15,2,1,continuous,0,continuous_scalar,0.12126906064674112,0.46153846153846156,0.014170040485829993,0.0
93,2,2,16,2,2,continuous,0,continuous_scalar,0.2086135097031381,0.8896761133603239,0.3923076923076923,0.38056680161943324
93,2,3,18,2,4,continuous,0,continuous_scalar,0.1550421122525772,0.4625506072874494,0.026923076923076984,0.0253036437246964
93,2,4,20,2,6,categorical,2,threshold_binning,0.07329927151740251,0.46963562753036436,0.0052631578947368585,0.019230769230769273
93,2,5,26,3,5,continuous,0,continuous_scalar,0.1207320824420258,0.5344129554655871,-0.01538461538461533,0.0
93,2,6,14,2,0,categorical,2,threshold_binning,0.06459876950339748,0.5394736842105263,-0.007692307692307665,0.006072874493927127
93,2,7,8,1,0,continuous,0,continuous_scalar,0.13081006418266639,0.5536437246963563,-0.003643724696356232,0.0
94,2,0,4,0,4,continuous,0,continuous_scalar,0.07459089898677271,0.5239085239085239,0.0,0.013513513513513598
94,2,1,21,2,5,continuous,0,continuous_scalar,0.05028794491683886,0.48960498960498966,0.016216216216216228,0.027027027027026973
94,2,2,23,2,7,continuous,0,continuous_scalar,0.021286302734917578,0.4875259875259875,0.0,0.013513513513513598
94,2,3,26,3,1,categorical,4,prototype_discretization,0.1136226469489555,0.5720720720720721,0.022938322938322875,0.02564102564102555
94,2,4,24,2,8,continuous,0,continuous_scalar,0.19012816478035813,0.9088704088704089,0.005405405405405417,0.013513513513513598
94,2,5,30,3,5,continuous,0,continuous_scalar,0.05278681870626243,0.5530145530145529,0.0,0.0
94,2,6,20,2,4,categorical,2,prototype_discretization,0.05610162805275972,0.509009009009009,0.012820512820512775,0.0
94,2,7,33,3,8,continuous,0,continuous_scalar,0.03586887661676927,0.8676368676368676,0.016493416493416492,0.0006930006930007115
94,2,8,18,2,2,continuous,0,continuous_scalar,0.06843303097532938,0.3943173943173943,0.029452529452529453,0.027027027027026973
94,2,9,28,3,3,categorical,4,threshold_binning,0.02847271488348824,0.4379764379764379,-0.002564102564102555,0.027027027027026973
94,2,10,29,3,4,continuous,0,continuous_scalar,0.06716996039051126,0.4747054747054747,0.046985446985446974,0.027027027027026973
94,2,11,32,3,7,continuous,0,continuous_scalar,0.1920423032874505,0.8946638946638947,0.1887733887733888,-0.012820512820512775
94,2,12,3,0,3,continuous,0,continuous_scalar,0.0492087087195864,0.48544698544698545,0.0032571032571032887,0.0006930006930007115
95,3,0,1,0,1,continuous,0,continuous_scalar,0.022478157665181124,0.31339031339031337,0.015954415954416046,-0.00712250712250706
95,3,1,30,3,7,continuous,0,continuous_scalar,0.09576478227146203,0.38095238095238093,-0.006512006512006496,-0.05291005291005291
95,3,2,10,1,2,continuous,0,continuous_scalar,0.02539771433666349,0.43915343915343913,-0.005413105413105334,-0.019943019943019835
95,3,3,26,3,3,continuous,0,continuous_scalar,0.11552037236954323,0.6868131868131869,0.19723239723239727,0.07326007326007333
95,3,4,22,2,5,categorical,2,prototype_discretization,0.07364587288017205,0.5677655677655677,0.15901505901505905,-0.07590557590557578
95,3,5,23,3,0,continuous,0,continuous_scalar,0.02741720960137362,0.433048433048433,0.009686609686609771,-0.012820512820512775
95,3,6,19,2,2,continuous,0,continuous_scalar,0.07798971435507444,0.31603581603581604,-0.0028490028490028687,-0.00712250712250706
95,3,7,5,0,5,categorical,2,prototype_discretization,0.04141439501079557,0.3962148962148962,0.016524216524216605,-0.019943019943019835
95,3,8,2,0,2,categorical,2,threshold_binning,0.06564233939961374,0.38359788359788355,-0.008954008954008908,-0.00712250712250706
95,3,9,27,3,4,continuous,0,continuous_scalar,0.07644112180985169,0.22364672364672367,-0.038461538461538436,-0.00712250712250706
95,3,10,16,1,8,continuous,0,continuous_scalar,0.07764834187627544,0.373015873015873,0.022507122507122522,-0.012820512820512775
95,3,11,12,1,4,continuous,0,continuous_scalar,0.0057921256595927255,0.29304029304029305,-0.027635327635327632,-0.02564102564102566
95,3,12,20,2,3,continuous,0,continuous_scalar,0.10709177951431259,0.2684167684167684,-0.054985754985754934,-0.04415954415954415
95,3,13,25,3,2,continuous,0,continuous_scalar,0.08031383423582937,0.3300773300773301,0.01859991859991863,-0.02564102564102566
95,3,14,13,1,5,continuous,0,continuous_scalar,0.1074422390142589,0.2635327635327635,-0.02991452991452994,-0.019943019943019835
96,4,0,11,1,3,continuous,0,continuous_scalar,0.05191063614057313,0.23863636363636365,0.019166666666666644,0.018939393939393923
96,4,1,25,3,1,continuous,0,continuous_scalar,0.054501996626845566,0.26420454545454547,0.06920454545454544,0.023106060606060463
96,4,2,1,0,1,continuous,0,continuous_scalar,0.047401672713946325,0.29109848484848483,0.002083333333333304,0.022916666666666696
96,4,3,12,1,4,continuous,0,continuous_scalar,0.14883205862017754,0.7316287878787878,0.0583712121212121,0.05208333333333326
96,4,4,24,3,0,categorical,2,prototype_discretization,0.10173413797270923,0.40681818181818186,0.012272727272727168,-0.02253787878787894
96,4,5,16,1,8,categorical,2,prototype_discretization,0.033860231656784534,0.175,0.002499999999999991,0.00018939393939376714
96,4,6,19,2,2,continuous,0,continuous_scalar,0.14285557964805257,0.756439393939394,0.02090909090909081,0.002272727272727204
96,4,7,27,3,3,continuous,0,continuous_scalar,0.13851013924230188,0.7151515151515152,0.031704545454545444,0.039583333333333304
96,4,8,0,0,0,categorical,6,prototype_discretization,0.008627590561622768,0.30757575757575756,0.012499999999999956,0.02499999999999991
96,4,9,18,2,1,continuous,0,continuous_scalar,0.14093145909552876,0.6984848484848485,0.022234848484848423,0.022916666666666696
96,4,10,8,1,0,continuous,0,continuous_scalar,0.03671094267058205,0.22272727272727275,0.007121212121212084,0.016856060606060486
96,4,11,3,0,3,categorical,3,prototype_discretization,0.0941235550508756,0.38125,0.05208333333333328,0.022916666666666696
97,2,0,26,3,5,continuous,0,continuous_scalar,0.18836785196295344,0.8244444444444444,0.29744444444444434,0.020000000000000018
97,2,1,23,3,2,categorical,4,threshold_binning,0.11413909713866398,0.45611111111111113,-0.00833333333333337,-0.03388888888888897
97,2,2,20,2,5,categorical,5,threshold_binning,0.17452469230033638,0.788888888888889,0.04844444444444438,-0.04777777777777792
97,2,3,25,3,4,continuous,0,continuous_scalar,0.024626062647643217,0.4316666666666667,0.002777777777777768,-0.01388888888888895
97,2,4,22,3,1,continuous,0,continuous_scalar,0.14843030369462146,0.4638888888888889,-0.006777777777777794,-0.01388888888888895
97,2,5,21,3,0,categorical,3,threshold_binning,0.06974645782013379,0.5205555555555555,-0.04033333333333335,-0.053888888888888875
97,2,6,24,3,3,continuous,0,continuous_scalar,0.1434651624669541,0.5455555555555556,-0.020666666666666743,-0.01388888888888895
97,2,7,13,1,5,categorical,4,threshold_binning,0.1367003719686936,0.4911111111111111,-0.01911111111111117,-0.04777777777777792
98,3,0,16,2,0,continuous,0,continuous_scalar,0.09574911968934059,0.39423076923076916,0.03397435897435892,0.10683760683760679
98,3,1,0,0,0,categorical,4,threshold_binning,0.037328079654843124,0.2916666666666667,-0.00021367521367527954,0.012820512820512775
98,3,2,4,0,4,categorical,4,threshold_binning,0.01838974899498411,0.3173076923076923,-0.002777777777777879,-0.01388888888888895
98,3,3,15,1,7,continuous,0,continuous_scalar,0.11871594078994668,0.6228632478632479,-0.002350427350427431,0.0010683760683760646
98,3,4,20,2,4,continuous,0,continuous_scalar,0.08697673435109,0.3653846153846154,0.0264957264957264,0.052350427350427164
98,3,5,2,0,2,categorical,4,threshold_binning,0.08451906759378026,0.4583333333333333,0.032692307692307646,-0.02564102564102566
98,3,6,1,0,1,continuous,0,continuous_scalar,0.020006939496123078,0.26068376068376065,0.0,0.0010683760683759536
98,3,7,25,3,2,continuous,0,continuous_scalar,0.011720994933186941,0.34722222222222227,0.029059829059829,0.01388888888888884
98,3,8,23,3,0,categorical,2,threshold_binning,0.02094554259290024,0.44658119658119655,0.008333333333333304,-1.1102230246251565e-16
98,3,9,29,3,6,categorical,3,prototype_discretization,0.09942988954477684,0.5694444444444445,0.03205128205128203,0.04166666666666674
98,3,10,9,1,1,categorical,3,prototype_discretization,0.05586728574229878,0.40491452991452986,0.020726495726495632,0.012820512820512775
98,3,11,21,2,5,continuous,0,continuous_scalar,0.13524586193111116,0.5993589743589743,0.024572649572649506,0.01388888888888884
98,3,12,10,1,2,categorical,3,threshold_binning,0.08119245435564533,0.4861111111111111,-0.004700854700854751,0.0010683760683760646
98,3,13,3,0,3,categorical,2,threshold_binning,0.015124088455888293,0.34401709401709407,0.002564102564102555,-1.1102230246251565e-16
98,3,14,7,0,7,continuous,0,continuous_scalar,0.11878825187408457,0.625,0.03226495726495719,-1.1102230246251565e-16
99,2,0,8,1,0,continuous,0,continuous_scalar,0.20696019766172843,0.6441176470588235,0.00544117647058826,0.0
99,2,1,1,0,1,continuous,0,continuous_scalar,0.13072943316210636,0.4411764705882353,-0.002941176470588247,-0.014705882352941235
99,2,2,14,1,6,continuous,0,continuous_scalar,0.11614253855641488,0.5477941176470589,0.002941176470588247,-0.041911764705882315
99,2,3,11,1,3,continuous,0,continuous_scalar,0.05585853190722657,0.525,0.004264705882353015,0.0
99,2,4,27,3,6,categorical,6,threshold_binning,0.044630846945520455,0.5161764705882352,-0.002941176470588247,-0.025000000000000022
99,2,5,24,3,3,continuous,0,continuous_scalar,0.09942755971240683,0.8595588235294118,0.2520588235294118,0.025000000000000022
99,2,6,2,0,2,continuous,0,continuous_scalar,0.07247593210260954,0.4345588235294118,0.014705882352941235,0.0
99,2,7,15,2,0,continuous,0,continuous_scalar,0.04985518080227096,0.5080882352941176,0.014705882352941235,-0.014705882352941235
99,2,8,25,3,4,continuous,0,continuous_scalar,0.223919779149716,0.838970588235294,0.0770588235294118,0.014705882352941235
